0,0,0,0,0,-0.138418420499761,-1.34731292588805,1
0,0,0,0,0,-1.43730508225099,-5.22568479096342,1
0,0,0,0,0,-0.596381579933319,-3.6648346410104,1
0,0,0,0,0,-1.80780650496903,-1.40498709800993,1
0,0,0,1,-99,0.695499695458477,-3.0625364795952,1
1,-99,-99,-99,-99,0.821356536728734,-2.96304339488885,1
0,0,0,0,1,0.437036080462881,-3.26157744464888,1
0,0,0,0,0,-0.46399040971915,-3.52550407299521,1
0,0,1,-99,-99,2.73173870819662,-2.17269656460161,1
0,0,0,0,0,-1.22542996589158,-5.71994768373314,1
0,0,0,1,-99,0.226987567409147,-2.31201914723436,1
0,0,0,1,-99,0.388782568843458,-1.98479321394347,1
0,1,-99,-99,-99,1.06688097601683,-1.66046779963789,1
0,0,0,0,1,0.0265127428091841,-2.51222368288168,1
0,0,0,0,0,-0.401991721940451,-1.89310406745284,1
0,0,0,0,0,-1.61581273961438,-2.46063735211687,1
0,0,0,0,0,-1.11584099273819,-2.90927338005863,1
0,0,0,0,0,-2.075404601526,-3.59493508361939,1
0,0,0,0,0,0.0866470882035261,-4.69915107461214,1
0,0,0,0,0,-0.723647531896315,-1.20284593484222,1
0,0,0,0,0,-1.2109232641774,-2.49647800364715,1
1,-99,-99,-99,-99,1.13073479054223,-3.09150440690136,1
0,0,0,0,0,0.552984686450427,-5.37917735597897,1
0,0,0,0,0,0.268997724939283,-2.8314556752008,1
0,0,0,0,0,-1.24065176986683,-5.65319017648126,1
0,0,0,0,0,-1.55207119005366,-1.03446826582727,1
0,0,0,0,0,-1.37037302041258,-4.48232277774299,1
0,0,0,0,0,0.631857894271806,-4.02015581927183,1
0,0,0,0,0,-0.345792671202165,-5.73232105198256,1
0,0,0,0,0,-1.06473214151678,-3.6491244779272,1
0,0,0,1,-99,0.895283623231203,-3.04031294694025,1
0,0,0,0,0,-0.448796934346346,-1.11555228139732,1
0,0,0,0,0,0.886779888172584,-2.40261395360166,1
0,1,-99,-99,-99,2.38691001075719,-1.59439914271175,1
0,0,0,0,0,-0.293195736664187,-3.16773281414544,1
0,0,0,0,0,-0.0812103008825931,-5.0652876577169,1
0,0,0,1,-99,2.33609072920413,-3.17003558976586,1
0,0,0,0,0,0.534223608965756,-3.64942564446097,1
1,-99,-99,-99,-99,-0.665783256217581,-3.16532830593178,1
0,1,-99,-99,-99,0.872895382815696,-3.01075670308871,1
0,0,0,0,0,0.130858402788248,-3.27224071029027,1
0,0,0,0,0,0.350945893256138,-3.35087851449038,1
0,0,0,1,-99,1.10820429228556,-1.41323890786192,1
0,0,0,0,0,0.489243866705627,-2.51311888718934,1
0,0,0,0,0,-0.737935216891363,-3.29484219166161,1
0,1,-99,-99,-99,1.32089118810224,-3.36453718932621,1
0,1,-99,-99,-99,0.607713341743309,-2.02249756404446,1
0,0,0,0,0,0.155508213195413,-3.50542386071892,1
0,0,0,0,0,-0.150398484767272,-1.9251789462754,1
0,0,0,0,0,0.450241745876884,-4.49230072478576,1
0,0,1,-99,-99,0.96585127229458,0.695459755825511,1
0,0,0,0,0,-0.830712777519955,-3.48483963656401,1
0,0,0,0,0,-0.668266413592863,-3.10571699809343,1
0,0,1,-99,-99,-0.329291482195836,-0.190183559257916,1
0,0,0,0,0,0.378201193836338,-2.74921154551362,1
0,0,1,-99,-99,2.37762414400786,-0.70589096388577,1
0,0,0,0,0,-1.78029822619385,-6.40177425995186,1
0,0,0,0,0,-0.360468208927635,-2.34336516730292,1
0,0,0,0,0,-0.425654717280808,-2.84491995133619,1
0,0,0,0,1,1.93293241534073,-1.55064358963657,1
0,0,0,0,0,0.818934900397153,-2.95275187176902,1
0,1,-99,-99,-99,1.74652108157658,-3.02642754471637,1
1,-99,-99,-99,-99,0.0382314713745588,-2.42593216369646,1
0,0,0,0,0,-1.62817082397996,-4.15860073283397,1
0,0,0,0,0,-0.625853213300014,-2.69733219389533,1
1,-99,-99,-99,-99,0.730712220219685,-1.35197283113979,1
0,0,0,0,0,-0.739742626562952,-4.89492826121305,1
0,0,0,0,0,0.302241809285149,-5.52475130089476,1
0,0,0,0,0,-1.01953540458849,-4.46710148244983,1
0,0,0,0,0,0.158940294080937,-3.00281750539858,1
0,0,0,0,0,1.02056170725095,-4.84178744977581,1
0,0,0,0,0,0.261144790729431,-3.07988064973328,1
0,0,0,0,0,-0.301839991613348,-1.99694004408119,1
0,1,-99,-99,-99,0.470372738691396,-1.12080807069009,1
0,0,0,0,0,-0.13111174094922,0.494489080557014,1
0,0,0,0,1,0.664226149516789,-1.45899780613326,1
1,-99,-99,-99,-99,0.10372355212924,-2.62182938081404,1
0,0,0,1,-99,0.453213061361388,-2.1865749077689,1
0,0,0,1,-99,0.367049435023936,-2.02248290031666,1
0,1,-99,-99,-99,1.50309545676061,-2.91848281869926,1
0,0,0,0,0,-1.15904456998728,-3.64632660731339,1
0,0,0,0,0,0.301641618128741,-3.87836907778911,1
0,0,0,0,0,-0.529317611170091,-4.64559190032339,1
0,0,0,0,0,-0.313675433747553,-3.10970415780334,1
1,-99,-99,-99,-99,0.572930054929529,-2.65635971507913,1
1,-99,-99,-99,-99,1.39325519793177,-1.2886341242884,1
0,0,0,0,0,-1.50433867499593,-2.94210487535547,1
0,0,0,0,0,-0.294520500533264,-2.16287801664518,1
0,0,0,0,0,-0.694720065782248,-4.9511948104852,1
0,1,-99,-99,-99,1.88667185933176,-1.78905872783612,1
0,0,1,-99,-99,1.4120261234795,1.24524285414553,1
1,-99,-99,-99,-99,0.310620432494959,-2.48933124539755,1
0,0,0,0,0,0.0568363052125189,-3.62770613716911,1
0,0,0,0,0,-2.34174663370286,-3.91113181498354,1
1,-99,-99,-99,-99,1.63350942815473,-1.7710235426531,1
0,1,-99,-99,-99,-1.38458705222349,-2.51223294378625,1
0,0,0,0,1,-0.192506956336701,-3.38661435275829,1
0,0,0,0,1,0.61527457856138,0.222640724759801,1
0,0,0,0,0,-0.0402956029232396,-2.4706980970034,1
0,0,0,0,0,0.897311675561795,-2.14773234159788,1
1,-99,-99,-99,-99,0.320440692228725,-3.05357420007774,1
0,0,0,0,0,0.197170626867059,-3.84186181759504,1
0,0,0,0,0,-0.0250565567253152,-3.73036124922976,1
0,0,0,0,0,0.651124339622825,-1.36524494612467,1
0,0,0,0,0,-0.603118576708476,-3.64335352274897,1
0,0,0,0,1,0.795204257445046,-2.7019666371711,1
0,0,1,-99,-99,0.665763303943395,-1.45634561502513,1
0,0,0,0,0,-1.73429743858791,-2.70923007983787,1
1,-99,-99,-99,-99,1.5641158113989,-2.5096708326609,1
0,0,0,1,-99,1.07217953392766,-0.970100952410506,1
0,0,0,0,1,0.913645236820308,-3.82506471786045,1
0,0,0,0,0,-0.729257946175003,-1.53736031719079,1
0,1,-99,-99,-99,0.633435484021579,-0.061583124682687,1
0,0,0,0,0,-0.702581460141492,-4.64081781228986,1
0,0,0,1,-99,0.0214079275519953,-2.61077692846146,1
0,0,0,0,0,-0.468813010471871,-3.90537734165964,1
0,0,0,0,0,0.0367990868045809,-4.21996921354877,1
0,0,0,0,0,-1.56074870286038,-4.17053750377075,1
0,1,-99,-99,-99,0.719994969932125,-1.25315771013209,1
0,1,-99,-99,-99,0.471053065827526,-1.97126398439914,1
0,0,0,0,0,-0.476805235419216,-4.32490949429947,1
0,0,0,0,0,-0.347107295807089,-1.48368615484364,1
0,0,0,0,0,-2.70164850005967,-3.54385652946176,1
0,0,0,0,0,-0.625537814935612,-3.15447705874122,1
0,0,0,0,0,0.147816264073735,-3.53587633306435,1
0,0,0,0,0,-0.514017071373918,-2.34670660044406,1
0,0,0,0,0,-0.101441199004227,-2.09594265993758,1
0,0,1,-99,-99,-0.0576999949829741,-0.715275597975004,1
0,0,0,0,0,-0.387241783665344,-3.11367111188626,1
1,-99,-99,-99,-99,-1.78363006075464,-3.39420963588155,1
0,0,0,0,0,0.6261012528224,-5.49089533095384,1
1,-99,-99,-99,-99,1.64295854755559,-0.715347183779603,1
0,1,-99,-99,-99,-0.591135620088684,-2.03798514272196,1
0,0,0,0,0,0.421692031295227,-1.92205787838639,1
0,1,-99,-99,-99,-0.395196185423428,-1.41248170131029,1
0,0,0,1,-99,2.91405675696878,-3.3931255110294,1
1,-99,-99,-99,-99,0.310844250018754,-3.53539584298212,1
0,0,1,-99,-99,0.707704393287084,-1.06179252925021,1
0,0,0,0,0,-0.307633178124864,-4.10918996533013,1
0,0,0,0,0,-1.48124923073084,-4.6098001373675,1
0,0,0,0,0,0.309951624655912,-2.57631359533404,1
0,0,0,0,1,0.936659632822326,-2.97540423591868,1
0,0,0,0,0,0.0114602544352787,-0.860786555516694,1
1,-99,-99,-99,-99,0.123718268622319,-0.184727905799538,1
0,0,1,-99,-99,-1.19083905360462,-3.21943663369589,1
0,0,0,0,0,-1.1944012471268,-2.9447046262956,1
0,0,0,0,0,-0.958750212828973,-0.752325449477528,1
0,0,0,0,0,-0.756560607308721,-3.44115749732347,1
0,0,0,0,0,0.415423275847685,-3.75618274986187,1
0,0,0,0,0,-0.0757360918084427,-4.44996876123811,1
0,0,0,0,0,0.907105832037282,-2.10468022451728,1
0,0,0,0,0,-0.658477251654652,-2.92657224731937,1
1,-99,-99,-99,-99,1.35347138751911,-2.70019811388546,1
0,0,0,0,0,-0.709493144012539,-5.76478146513543,1
0,0,0,0,0,0.231415298940423,-5.61654429047244,1
0,0,0,0,0,-0.759591954794203,-2.90538593723159,1
0,0,0,0,0,0.128183183478943,-2.75764721245834,1
0,1,-99,-99,-99,-0.282128576583402,-1.63932400345615,1
0,0,0,1,-99,0.880321419999375,-1.67331312059489,1
0,0,0,1,-99,0.353847548181819,-1.51882864793671,1
0,0,0,0,1,0.933353869702364,-2.72051915203092,1
0,0,0,0,0,0.132943315475298,-4.6607585495131,1
0,0,0,1,-99,-0.437677302147159,-2.8184238586599,1
0,0,0,1,-99,-0.52698529275478,-1.08844077881048,1
0,1,-99,-99,-99,-0.174530821181572,-6.11673095380186,1
0,0,1,-99,-99,0.424198251229891,-2.7448999262304,1
0,1,-99,-99,-99,1.76810824307802,0.54721581621025,1
0,0,0,0,0,-0.614970915406556,-4.77548870753465,1
1,-99,-99,-99,-99,0.832043923415039,-3.14324498515825,1
0,0,0,0,0,0.476754117865126,-3.4924406289119,1
0,0,0,0,0,-0.804265091139334,-3.96257439981454,1
1,-99,-99,-99,-99,-0.113358350824561,-2.09737562884947,1
0,0,0,0,0,-1.07868140192326,-3.90513232666624,1
0,0,0,0,0,-1.24926906625022,-3.18830197858006,1
0,0,0,0,0,-0.626037024364415,-4.54659537404625,1
0,0,0,0,0,1.01882068987304,-3.58056410813347,1
0,0,1,-99,-99,0.434598738052279,-2.39850135193421,1
0,1,-99,-99,-99,0.428529720736305,-2.22405978165001,1
0,0,0,0,0,-0.314996220295269,-4.55641948634632,1
1,-99,-99,-99,-99,0.0465663784196345,-0.947791221880816,1
0,0,0,0,0,-0.964629389948593,-4.57916347383244,1
0,0,0,0,0,-0.779253436929741,-3.50009020365851,1
0,0,0,0,0,0.344007682772707,-3.90745037102919,1
0,0,0,0,0,1.27555719291703,-1.27436292986443,1
0,0,0,0,0,0.828902962917896,-2.82780425512537,1
0,0,0,0,0,-0.086184935559307,-3.55894008905543,1
0,0,0,0,0,-0.0527663626288077,-4.71903619233368,1
0,0,1,-99,-99,0.738102820212045,-0.532941467852709,1
0,0,0,0,1,0.595275275333227,-5.18596078629102,1
0,0,0,0,0,-0.506961328720123,-4.09189172403139,1
0,1,-99,-99,-99,0.109841593043102,-3.04399051908228,1
0,0,0,1,-99,2.83522206371383,-2.92658863285666,1
0,0,0,0,0,-0.568328803170406,-2.2875114925074,1
0,1,-99,-99,-99,0.814456443326757,-1.34304598079925,1
0,0,0,0,0,0.82683534309978,-1.16339213394853,1
0,0,0,0,0,-1.63915763328203,-6.13562136640938,1
0,0,0,0,0,-0.587461150316259,-5.30306424792257,1
0,0,0,0,0,0.630748366945648,-1.92523981354113,1
0,0,0,0,0,0.0204202497288059,-4.10960456302953,1
0,0,0,0,0,-0.488323529455969,-3.36061066438092,1
0,0,0,0,0,-1.38916383224657,-2.74633164364329,1
0,0,0,0,0,-0.335213486508141,-0.773333749480994,1
0,0,0,0,0,-1.18128786938022,-2.78825555387595,1
0,0,0,0,0,-1.33841629419652,-4.38110311393359,1
0,0,0,0,0,1.015754116034,-4.84926171692588,1
0,0,0,0,0,0.10232334378576,-2.72547419131206,1
0,0,0,0,0,-0.129358232194053,-2.43839473788783,1
0,0,0,0,0,-0.700838877377565,-2.93103945673702,1
0,0,1,-99,-99,0.558170746081635,-1.2484631078849,1
0,0,0,0,0,0.8298575871422,-3.85663423786366,1
1,-99,-99,-99,-99,2.26409970744072,0.443132727724794,1
0,0,0,0,0,-0.0878805389089781,-1.19531705186028,1
0,1,-99,-99,-99,0.54275225062884,-2.5629077877645,1
0,0,0,0,0,0.179940807868087,-5.92696339898949,1
0,0,0,0,0,-1.82467179770237,-2.32922221440534,1
0,0,0,0,0,-2.02634352640613,-2.04005882784092,1
0,0,0,1,-99,2.1903027330946,-1.40661730171645,1
0,0,0,0,1,0.218975729378733,-1.73360431817408,1
0,0,0,0,0,1.02112893827697,-3.96190801726664,1
1,-99,-99,-99,-99,-0.262833713584047,-2.61921562805559,1
1,-99,-99,-99,-99,2.46848898210773,-1.74445226973722,1
0,0,0,0,0,-0.690000805449258,-3.26182686408069,1
0,0,0,0,0,-0.127654668586914,-3.43548946658286,1
0,0,0,0,0,-2.57007166223225,-3.3760861928749,1
0,0,0,0,0,0.535741189502219,-2.77781305539512,1
0,0,0,0,0,-0.191140606992892,-1.84017070293851,1
0,0,0,0,0,0.0880005934068862,-1.66124361955201,1
0,0,0,0,0,-0.42011667608812,-2.78809828222678,1
0,0,0,0,0,-0.118501623509409,-3.99406317257312,1
0,0,0,0,0,-0.66492173692979,-2.34148175693864,1
1,-99,-99,-99,-99,-0.841932886271322,-1.92475327518566,1
0,0,0,0,0,-1.33663134123715,-4.04066222424064,1
0,0,0,0,0,-2.52461833246502,-0.229583301289075,1
0,0,0,0,0,-1.24336134515894,-3.97913953104599,1
0,0,0,0,0,-0.035111879096497,-5.01015197407421,1
0,1,-99,-99,-99,0.75970290039374,-1.88608966121409,1
0,0,1,-99,-99,0.331006816218985,-2.41186761160257,1
0,0,0,0,0,-0.895352842883016,-5.27952681818482,1
0,0,0,0,0,-0.194393943171036,-2.21834007233648,1
0,0,0,0,0,-0.265271772960418,-5.06579214160002,1
0,0,0,0,0,-1.28735844261839,-1.53408539343165,1
0,0,0,0,0,0.200728794345591,-1.91852821415208,1
1,-99,-99,-99,-99,-0.499839535145243,-2.09583199894227,1
0,0,0,0,0,-1.42893253450227,-3.98365693092335,1
0,0,1,-99,-99,0.479789725470344,-0.494882207856876,1
0,0,0,1,-99,1.24817989617363,-1.75221258992006,1
0,0,0,0,0,0.0109128745895148,-1.95511453188803,1
0,0,0,0,0,0.304638211346159,-1.90465472511686,1
0,0,0,0,0,-2.54832672751028,-3.71845638247374,1
1,-99,-99,-99,-99,0.489941945399855,-1.33177476899815,1
0,0,0,0,0,-0.790152837081206,-1.0952376201578,1
0,0,0,0,1,0.646424260217314,-1.46545286449839,1
0,0,0,0,0,-1.91510303246314,-3.45758480925839,1
1,-99,-99,-99,-99,0.395486050535139,-2.84484578587983,1
0,0,0,0,0,-0.859531839660179,-3.29374700701199,1
0,0,0,0,0,-1.59095399288944,-1.12688309323038,1
0,0,0,1,-99,0.0738983921104826,-3.89589536706104,1
0,0,0,0,0,0.665813657922072,-1.21946148491807,1
1,-99,-99,-99,-99,1.66626003833153,-0.0816884839038531,1
0,0,0,0,0,0.16864300247973,-4.96209134394321,1
0,0,0,0,0,-0.981010319164213,-4.73322992046997,1
0,0,0,0,0,0.493401163921705,-4.25321497027321,1
0,0,0,0,0,-1.73158914832981,-1.70426450372061,1
0,0,0,0,0,-0.736715799795398,-4.68358330070486,1
0,0,0,0,0,-0.0675627977481967,-2.96825333106691,1
0,0,1,-99,-99,1.00032537303927,-3.99544291964712,1
0,0,0,0,1,-0.508047818066461,-1.74514497522627,1
0,0,0,0,0,-0.482054030050061,-2.46204061210004,1
0,0,0,0,0,-0.105626575228806,-3.23996609917111,1
0,0,0,0,0,0.157241887944748,-2.73837919378709,1
0,0,0,0,0,-0.331980781144634,-4.12242210028344,1
0,0,0,0,0,0.151425273586586,-3.04480760746322,1
0,0,1,-99,-99,1.05214392822586,-3.70718872138023,1
0,0,0,0,0,-2.06153419418041,-2.92408825840875,1
0,0,0,0,0,-0.823587257692966,-3.61320214167947,1
0,0,0,0,0,0.203567337459585,-4.88917033127616,1
0,0,0,0,0,-1.25971743620323,-4.12980062945201,1
1,-99,-99,-99,-99,1.32403740021441,-0.37603673731651,1
1,-99,-99,-99,-99,0.988142285464546,-0.801037053104923,1
0,0,0,0,0,0.196609344155705,-5.17613957905912,1
1,-99,-99,-99,-99,1.9632282291029,-2.05145825299837,1
0,0,0,0,0,-0.832350636243206,-2.5811495892538,1
0,0,0,0,0,-0.831815668412017,-3.68640701342236,1
0,0,0,0,0,-0.91097930190572,-3.69554117936093,1
0,0,0,0,0,-0.958216521926857,-0.201530084336103,1
1,-99,-99,-99,-99,1.21844719736809,-0.476540596570064,1
1,-99,-99,-99,-99,0.640749006256041,-4.97737289653195,1
0,0,0,0,0,-0.495691995767515,-3.04281442746358,1
0,0,0,0,0,-1.43079110340971,-1.47116143417835,1
0,0,0,0,0,-1.10817788227606,-2.21982204974441,1
0,0,0,0,0,-1.1599118220094,-1.67090976755557,1
0,0,0,0,0,-2.298980702747,-2.46007948073915,1
0,0,1,-99,-99,0.818837467469481,-2.7077013737154,1
0,0,0,0,0,-2.46070960650864,-3.19828395027469,1
1,-99,-99,-99,-99,2.0613116280142,-1.35092827929057,1
0,0,0,0,0,-0.905665113918005,-2.82143005289405,1
0,0,0,0,1,1.21597200887239,-1.82630672026102,1
0,0,0,0,0,-1.0929860842723,-3.15145526476338,1
1,-99,-99,-99,-99,0.666109628150716,-4.68323498585906,1
0,0,0,0,0,-1.39523272029464,-2.32321605318866,1
0,1,-99,-99,-99,0.332201571124839,-2.1838955476836,1
0,0,0,0,0,0.0488264857233226,-3.7792618020749,1
0,1,-99,-99,-99,1.16972459725056,-1.61605410624726,1
0,0,0,0,0,-0.380763010477107,-3.08371121698554,1
0,0,0,0,0,0.0716715725483751,-3.98773081239706,1
0,0,0,0,0,0.295145411492225,-0.740804026923756,1
0,0,0,0,0,-1.96931395440383,-3.71790331169794,1
0,0,0,0,0,-1.03098310898509,-5.29978717168931,1
0,1,-99,-99,-99,0.477636939508798,-2.72761123922241,1
0,0,0,0,0,0.610487017068684,-2.93465529920547,1
0,0,1,-99,-99,1.24390885808636,-1.0596018760755,1
0,0,0,0,0,-0.265356513708429,-0.929387122772503,1
0,0,0,0,0,-0.566608054256072,-4.0108539766467,1
0,0,0,0,0,-0.998889771832462,-0.625156802544745,1
0,0,0,0,0,0.305022859926862,-2.73733660490873,1
0,0,0,0,1,-0.73955067118059,-2.82405297424314,1
1,-99,-99,-99,-99,1.57183578472972,-2.89451516512728,1
0,0,1,-99,-99,1.13123084510681,-3.60170860273261,1
0,0,0,0,0,-1.37619987041187,-2.58968368161089,1
0,0,0,1,-99,-0.1274663896392,-2.85039183075476,1
0,0,0,1,-99,-0.195279264119336,-2.47852989249491,1
0,0,0,0,0,0.212676793648434,-3.29886113075366,1
1,-99,-99,-99,-99,0.475367895934162,-1.54324268150931,1
0,0,0,0,0,0.186930281252529,-2.79530611164408,1
0,0,0,1,-99,0.452854000156183,-3.49018327422128,1
1,-99,-99,-99,-99,2.07041436721964,0.975614833130962,1
0,0,0,0,0,0.0997634681909539,-3.72515688149251,1
0,0,0,0,0,0.584813823754348,-2.95015449305604,1
0,0,0,1,-99,-1.12161434969675,-2.55466411171577,1
0,0,0,0,0,-1.9728407799309,-2.46688443490735,1
0,0,0,0,0,-0.633152300786842,-1.81950025638074,1
0,0,0,0,0,-0.417940513612971,-1.57907953376818,1
0,0,0,0,0,0.334922509614769,-4.40126195011731,1
0,0,0,0,0,-0.32582999814601,-4.711082771608,1
0,0,0,0,0,-0.268557020058919,-1.50915045378511,1
1,-99,-99,-99,-99,-0.0931582324683724,-5.349423950138,1
0,0,0,0,0,-0.0564825201624001,-3.70137151719912,1
0,0,0,0,0,0.628655739506352,-2.38165742138485,1
0,0,0,0,0,1.21186279195503,-3.04025730226538,1
0,1,-99,-99,-99,1.28824401223254,-1.37442118718642,1
0,1,-99,-99,-99,1.04438691565052,-2.46472016007919,1
0,0,0,0,0,-0.341419881951708,-2.91207395267731,1
0,0,0,0,0,-0.610774693983729,-3.89620307396975,1
0,0,0,0,0,-0.0935083650228814,-5.71234049785653,1
0,0,1,-99,-99,-0.0804515287462117,-4.35603335957253,1
0,0,0,0,0,0.844701393443019,-2.9526413630883,1
0,0,0,1,-99,0.0485370984837913,-1.90823549195337,1
0,0,0,0,0,-0.0810084727037916,-1.81868528664431,1
0,0,0,0,0,0.0357195715834286,-2.10548525911319,1
0,1,-99,-99,-99,0.334936828544452,-3.00542945309091,1
0,0,0,0,0,-1.46331671169598,-3.62846552237603,1
0,0,0,0,0,-0.30953740195478,-2.30145782217995,1
0,0,0,0,0,-0.0812584603599047,-3.41829347397478,1
1,-99,-99,-99,-99,1.73814754063542,-1.1430107021898,1
0,0,0,0,0,-0.12200835901829,-2.59232936030724,1
0,0,0,0,0,-0.262931714090468,-0.283886067376424,1
0,0,0,0,0,-0.264254785398637,-1.15718555891066,1
0,0,0,0,0,-1.52419400128935,-3.58339479818897,1
0,0,0,0,0,0.850153073484877,-4.43263143004475,1
0,0,0,0,0,0.54515424464244,-4.1672758734192,1
0,0,0,0,0,-1.02072093202223,-3.8339732323363,1
1,-99,-99,-99,-99,0.41885600091277,-2.27810266605092,1
0,1,-99,-99,-99,1.12074068076402,-2.73611631878808,1
0,0,0,0,0,-1.04409173419294,-3.72493493597548,1
0,0,0,0,0,-1.07267666481129,-3.60612675897939,1
0,1,-99,-99,-99,2.33075358404258,-2.05974829998146,1
0,0,0,0,0,0.537170240403201,-3.23376635700789,1
0,0,0,0,0,0.20479298987552,-3.79443017091164,1
1,-99,-99,-99,-99,1.18719293407725,0.191864721197353,1
1,-99,-99,-99,-99,0.924019767895034,-1.47445104256182,1
0,0,0,0,0,0.733796165324287,-4.45158952326305,1
0,0,0,0,1,0.489973216155025,-1.2721119464276,1
0,1,-99,-99,-99,0.614938776307655,-3.67950852233006,1
1,-99,-99,-99,-99,2.17012227656224,-2.17847617095901,1
0,0,0,0,0,-0.68229374143378,-5.1970731866542,1
0,0,0,0,0,0.0100744408677005,-3.23686751177609,1
0,0,0,0,1,0.790481994102635,-3.34630307041436,1
0,0,0,0,0,0.308990320240692,-1.9049086317494,1
0,0,0,0,0,0.164184680763536,-4.4645411216832,1
0,0,0,0,0,-0.364283587639478,-2.98624026880449,1
0,0,0,0,1,-0.248675100410514,-2.12677077511484,1
0,0,1,-99,-99,-0.905293342982499,-4.88532944034897,1
0,0,0,0,0,-1.26892053659329,-3.10005816049086,1
1,-99,-99,-99,-99,1.51196303540592,-1.80824084630934,1
0,0,0,0,0,-0.679045388039408,-1.85758953754691,1
0,0,0,0,1,1.29687697243195,-2.92118930280055,1
0,1,-99,-99,-99,-0.113116346815577,-4.41294622467198,1
0,0,0,0,0,-0.144175912180413,-3.60826715574712,1
0,0,0,0,0,-0.517226395703202,-3.52979267151995,1
0,0,1,-99,-99,-0.200565891625009,-0.33436484743623,1
0,0,0,0,0,-0.553211044936971,-4.50164521274788,1
0,0,0,0,0,-1.31376141078218,-3.69006611668724,1
0,1,-99,-99,-99,0.909070618219713,-2.61329855237399,1
1,-99,-99,-99,-99,0.503150445728274,-2.248201867206,1
0,0,0,0,0,0.719159086291341,-4.7499944605444,1
0,0,0,0,1,0.987251327801316,-4.07435017646533,1
1,-99,-99,-99,-99,0.728506718280503,-2.0584924118449,1
0,0,0,1,-99,2.70941100023686,-1.58403778892058,1
0,0,0,0,0,-0.211463501034236,-4.7121429080161,1
0,0,0,0,0,-0.176986561730689,-2.8711869676568,1
1,-99,-99,-99,-99,-0.0926221158319744,-3.11692466304984,1
0,0,0,0,0,-0.448276670219007,-2.54522620003303,1
0,1,-99,-99,-99,0.96794339513082,-2.40405523236662,1
0,0,0,0,0,1.09601057444741,-4.1258542326055,1
0,0,0,0,0,-2.01269512316932,-4.75239514356587,1
0,0,0,0,1,-0.137842541873297,-4.07421565931419,1
0,0,0,0,1,0.519690583836969,-1.89243016910736,1
0,0,0,0,0,-0.384719718310672,-3.42264895075114,1
0,0,0,0,0,-0.819556269356881,-3.37239903894129,1
0,0,0,0,0,-0.278344229637323,-2.94680100789566,1
0,0,0,0,0,0.177266245412429,-4.70912864062696,1
1,-99,-99,-99,-99,1.51261014439351,-2.59799093165367,1
0,0,0,0,0,-2.0027434885659,-5.79223817368234,1
0,0,0,0,0,-1.20590484021716,-1.12519273638261,1
0,0,0,0,0,-0.054784694113211,-4.60747640163031,1
0,0,0,0,0,-1.29690238077294,-3.08405488028406,1
0,0,1,-99,-99,0.503653909262964,-2.88952912653792,1
0,0,0,0,0,-0.36366282579048,-4.52842624347803,1
0,0,0,0,0,-0.38884552492757,-4.87493906217913,1
0,0,1,-99,-99,0.308269319331354,-3.34129322060413,1
1,-99,-99,-99,-99,0.360741870533917,-4.10940548399011,1
0,0,0,0,0,-1.46457903274491,-4.86297184102719,1
0,0,0,0,0,1.06657948551454,-6.2106745417309,1
0,0,0,0,0,-0.352884873613817,-5.27120327773233,1
0,0,0,0,1,1.16604857297999,-2.61234599134672,1
0,0,0,0,1,-0.14429256735858,-0.976346519003527,1
0,0,0,0,0,-1.43451461265754,-5.12499185277391,1
0,0,0,0,0,-1.74949722025756,-5.03008135010978,1
0,0,0,0,1,-0.857919149122785,-0.651303700151979,1
0,0,0,0,0,0.471297287230003,-1.98602012199524,1
0,0,0,1,-99,-0.0998689215785938,-0.253917162073664,1
0,0,0,0,0,-0.454450224707892,-3.05840224605422,1
0,0,0,0,0,-0.573039597483195,-4.37564974809274,1
1,-99,-99,-99,-99,3.24490678889119,-1.88501098476826,1
0,0,0,0,1,-0.372753262214909,-5.3919340822914,1
0,1,-99,-99,-99,-0.635360643208323,-3.02352786573133,1
0,0,0,0,0,-1.29565475632959,-0.856129386729021,1
0,1,-99,-99,-99,0.727312620982303,-2.83472315756313,1
0,0,0,0,0,0.861964026761652,-2.20845909630955,1
0,0,0,0,0,-1.95364916729137,-6.14521531373177,1
0,0,0,0,0,-0.11576520809516,-4.06121200102081,1
0,0,1,-99,-99,1.2481353456498,0.170779036739327,1
0,0,0,0,0,-1.0147826848792,-4.93539377392767,1
0,0,0,0,0,-0.417102408079001,-4.95061693340086,1
0,0,1,-99,-99,0.778128529726108,-0.213411303434323,1
0,0,0,0,0,1.4143652987765,-0.147659678596236,1
0,1,-99,-99,-99,0.379625664161203,-0.0156799952636928,1
0,0,0,0,0,0.17481434912367,-2.4511045415228,1
0,0,0,0,0,-0.193054883980001,-2.05793680799133,1
0,0,0,0,0,-0.993779416253018,-3.80284084685133,1
0,0,0,1,-99,1.08212096858197,-2.58065343725086,1
0,0,1,-99,-99,1.98708822409309,-2.36882469528291,1
0,0,0,0,0,-1.42538096857108,-4.39001638170656,1
0,0,0,0,0,-0.771259030176704,-3.3134550321694,1
0,0,0,0,0,-1.63037974490947,-4.23022356891713,1
0,0,0,0,0,-2.33753714735509,-2.63320891257723,1
0,0,0,0,0,0.578089921103779,-2.8204720517871,1
0,1,-99,-99,-99,-0.0393993311011518,-0.732267385438995,1
0,0,0,0,0,0.903325681760085,-3.88800015824558,1
0,0,0,1,-99,0.446621037829022,-5.76795048428711,1
0,0,0,0,0,0.167466777521414,-3.77039396381048,1
0,0,0,0,0,0.400606760437525,-1.52932776804557,1
1,-99,-99,-99,-99,0.646038433393024,-1.28104510979412,1
0,0,0,0,0,1.6620292774862,-1.08744255536271,1
0,0,0,0,0,-1.01554423750652,-4.81428011969101,1
0,0,0,0,1,0.276875382717236,-1.32317173457544,1
0,0,0,0,0,0.00491872679990065,-4.03966693525497,1
0,0,0,0,0,0.409582792245345,-2.84251188274402,1
0,0,0,0,0,-0.296217174936428,-2.42965646267781,1
0,1,-99,-99,-99,2.18341716308806,-1.19375605519621,1
0,0,0,0,0,0.481141399982519,-1.47508200232016,1
0,0,0,0,1,0.591615179750526,-2.14817751205253,1
0,0,0,0,0,-1.06479285014917,-4.43321643018604,1
0,0,0,0,0,-1.89428596963243,-3.1657736007413,1
0,0,0,0,0,0.920003371796737,-1.56713524601391,1
0,0,0,1,-99,1.32641443972986,-2.73113633616629,1
0,0,0,0,0,0.384798468714839,-3.33501846667165,1
0,1,-99,-99,-99,0.496955875156586,-2.55170983741001,1
0,0,0,0,0,0.778704402427216,-2.87297326479928,1
0,0,0,1,-99,1.12375736830604,-0.807356877826484,1
0,0,0,0,0,-0.668217226693735,-3.41181876352793,1
0,0,1,-99,-99,0.602708770587682,-2.22594192355278,1
0,0,0,0,0,0.148770322493871,-1.42657931564157,1
0,0,0,0,0,1.2767870951612,-3.06673715963135,1
1,-99,-99,-99,-99,1.50484479334795,1.48090831118645,1
0,0,0,0,0,0.0950160132057715,-5.07361163447869,1
1,-99,-99,-99,-99,0.241837885119166,-1.31579972043406,1
1,-99,-99,-99,-99,2.13141004256927,-2.07189946912146,1
0,0,0,0,0,0.984102141123628,-4.43987597980645,1
0,0,0,0,0,-1.87107407259467,-5.74660179423856,1
0,0,0,0,0,0.916845267866983,-1.8328315444604,1
0,0,1,-99,-99,0.385868001289058,-0.928722083866653,1
0,0,0,0,0,-2.58238442305074,-2.64587094933257,1
0,0,0,0,0,0.164638489523349,-3.59959284063803,1
0,0,0,0,0,-1.1973103913964,-3.27878290044205,1
0,0,0,0,0,0.530895557204228,-1.81824100277644,1
0,0,0,0,0,-0.776127897156161,-3.71359660247877,1
0,1,-99,-99,-99,0.84828463269363,-3.85636485892739,1
0,0,0,0,0,-1.53585002979655,-2.22977045403012,1
0,0,0,0,0,0.865552958660432,-2.25201244951582,1
