1,-99,-99,-99,-99,0.917081710152394,-1.4770115980645,1
0,0,0,0,0,-0.392564049319913,-4.92905665962005,1
1,-99,-99,-99,-99,0.669896087965803,-2.95609576748313,1
0,0,0,0,0,-0.136088035393168,-1.47871796845704,1
0,0,0,0,0,0.684316511130568,-2.73229642479165,1
0,0,0,0,0,-0.445684702297881,-2.93518532608822,1
0,0,0,1,-99,0.158538607069743,0.140444749678839,1
0,0,0,0,0,-1.28699926369595,-3.2259397000215,1
0,0,0,0,0,0.0317698196435924,-3.3773562121628,1
0,0,0,0,0,0.313640694043642,-2.66273649607491,1
1,-99,-99,-99,-99,-0.40850381967478,-2.72451622947596,1
0,1,-99,-99,-99,0.503632303990678,-0.609523009071523,1
0,0,0,0,0,-0.522921200117677,-1.92395894493425,1
0,1,-99,-99,-99,0.952352683585705,-2.17010299637731,1
0,0,0,0,0,0.339086009695389,-2.54245444686695,1
1,-99,-99,-99,-99,0.765787565751222,-2.2576765782227,1
0,0,0,1,-99,0.98363036881553,-4.14836695894419,1
0,0,0,0,0,1.03517776016898,-1.08078360837217,1
0,0,0,0,0,-2.07129274399596,-4.43750239277596,1
0,0,0,0,0,0.626852198791023,-3.5536529779976,1
0,0,0,1,-99,1.09439991295563,-0.292835908952015,1
0,0,0,0,1,0.867968926181899,-0.117833684735898,1
0,1,-99,-99,-99,-0.248504467474182,-3.93779349290318,1
0,0,0,1,-99,0.236833086379506,-2.61339913403285,1
0,0,1,-99,-99,0.705661340455035,-1.5974237850515,1
0,0,0,0,0,-0.752228570130244,-5.24971246714382,1
0,0,0,0,0,-2.50286656372574,-4.16631197225039,1
0,0,0,0,0,3.49396443703456,-3.19551988492117,1
0,0,1,-99,-99,0.0308234476346218,-3.41868757160303,1
0,0,0,0,0,1.20279941127355,-2.18466774128565,1
0,0,0,0,0,0.432110239017632,-3.46916746716749,1
0,0,0,0,0,0.744681860042558,-0.363913310407126,1
0,0,0,0,0,-1.82607285635615,-4.94395548150204,1
0,0,0,0,0,-0.163403556637389,-1.66608082216503,1
0,0,0,0,0,-0.764489240895611,-4.01518681785738,1
1,-99,-99,-99,-99,1.31653027235785,-0.0826963914276289,1
0,0,0,0,0,-0.385136774418387,-2.55238473527406,1
0,0,0,0,0,-0.143741159719386,-4.31478483241375,1
0,0,0,0,0,-0.220837981399015,-2.28403665315728,1
0,0,0,0,0,0.130729469205166,-1.5311525763328,1
0,0,0,1,-99,0.491273680877252,-2.97245511380874,1
0,0,0,0,0,-1.2179182432069,-3.28086876230095,1
0,0,1,-99,-99,1.97905380245677,-2.09631461379511,1
0,0,0,0,0,0.992706333887374,-3.11097831098607,1
0,0,0,0,0,2.28242406507052,-1.97857761918699,1
0,0,0,0,0,1.27799651661998,-3.60188004422345,1
0,0,1,-99,-99,0.109467499691915,-0.241808511182144,1
1,-99,-99,-99,-99,0.158864835491574,-1.82112258185536,1
0,0,0,0,0,0.229639724543316,-2.881727800853,1
0,0,0,0,0,-2.59577990111238,-6.54709944673441,1
0,0,0,0,0,-1.06140168562257,-2.35649332865525,1
0,0,0,0,0,0.898282456905634,-3.00897712351451,1
0,0,0,0,0,0.0459483321033365,-0.83052758941323,1
0,0,1,-99,-99,0.921629051933495,-3.51588221573418,1
0,0,0,0,0,-0.441992974035582,-2.10287130174021,1
0,1,-99,-99,-99,-0.216379134520335,-2.49910616277873,1
0,1,-99,-99,-99,0.458534294035302,-1.36460345963407,1
0,0,0,0,0,0.228974342647705,-3.28612869746317,1
0,0,0,0,0,-0.770869425716077,-3.1230706322189,1
0,0,0,0,0,-1.18948698861034,-4.13008062775819,1
0,0,0,0,0,0.138173441099247,-1.77769197070811,1
0,0,0,0,0,-1.70495462408951,-3.7563271624862,1
0,0,0,0,1,-0.309354150374174,-0.510807657727463,1
0,0,0,0,0,-1.70466078343357,-4.6669447631038,1
0,0,0,0,0,0.433901139913734,-4.4076678986944,1
0,0,1,-99,-99,0.341073221330014,-2.35297958489212,1
1,-99,-99,-99,-99,-0.0389601023144971,-3.42184595103245,1
0,0,1,-99,-99,-0.828489715748746,-1.84301207232106,1
0,1,-99,-99,-99,1.11480774344246,-3.22730733554193,1
0,0,0,1,-99,1.25241090164421,-0.0426493024383177,1
1,-99,-99,-99,-99,0.597656672737597,-0.0385592668687735,1
0,0,0,0,0,-0.309327782963327,-2.91868382947253,1
1,-99,-99,-99,-99,1.97455802332788,0.131967563040146,1
0,0,1,-99,-99,0.885470891464191,0.314332386348065,1
0,0,0,0,0,-0.815385740704985,-3.48435949617689,1
0,0,0,0,0,-1.15884221516523,-4.411112498178,1
0,0,0,0,0,-1.66825179104449,-2.51443194540962,1
0,0,0,0,0,-0.761574047182622,-4.44966095299442,1
0,0,0,1,-99,0.570598237177812,-0.705872747190183,1
0,1,-99,-99,-99,0.453419830426203,-1.26295765474565,1
0,0,0,0,1,1.18459053704489,-1.14644816612158,1
0,0,1,-99,-99,0.141182184472328,-2.82804540866622,1
0,0,0,1,-99,0.010149878010762,-1.43689699153435,1
0,0,0,0,0,-0.39048438266693,-4.64681107838372,1
1,-99,-99,-99,-99,0.984359865752153,-2.02221056824657,1
0,0,0,0,0,0.912936120100542,-1.81974977461576,1
0,0,1,-99,-99,0.414277724386584,-3.70615171868345,1
0,0,0,0,0,-0.982465570886895,-3.52923090301894,1
0,0,0,0,1,1.5901692795947,-2.70749435997555,1
0,0,0,0,0,-0.117780344542264,-1.36989068346518,1
0,0,0,0,0,-1.37132029841316,-1.95473547180464,1
0,0,0,0,0,1.01679045733371,-2.19800366198777,1
0,0,0,0,0,1.06799289961118,-5.49623394963294,1
0,0,0,0,1,1.01534674464022,-1.8575481728058,1
0,0,0,0,0,-0.347757468924691,-4.88316550163555,1
0,0,0,0,0,-0.878180969170418,-4.09207177176326,1
0,0,0,0,1,0.389206629761441,-3.78672151994734,1
0,0,0,0,0,-0.460854820259289,-2.2488201695149,1
0,0,0,0,0,0.208083819649506,-3.1543201371168,1
0,0,1,-99,-99,1.40890805688078,-4.38096114561013,1
0,0,0,0,0,-0.172200155847908,-2.46620434960648,1
0,0,0,0,0,0.586904171524696,-2.39878395001909,1
0,1,-99,-99,-99,1.16859571889758,-1.16339009234984,1
0,0,0,0,0,0.147223262951089,-3.70849117130734,1
0,0,1,-99,-99,0.0151665497226488,-2.20212403292351,1
0,0,0,0,0,-0.993951450202193,-2.50413755262097,1
1,-99,-99,-99,-99,-0.295595774858346,-1.90301195072581,1
0,0,0,0,0,1.05315216330916,-1.55879838701968,1
0,0,0,0,1,0.557481365425138,-3.76961763732897,1
0,0,0,0,0,-3.63301185888781,-3.26706652404632,1
0,0,0,0,0,-0.957072027568895,-3.81837802555552,1
0,0,0,0,0,-1.31674612384033,-3.24670957940174,1
0,0,0,0,0,-0.496097531514573,-2.27637876449964,1
1,-99,-99,-99,-99,0.359518772058319,-2.80406921863867,1
0,0,0,0,0,0.514071907197871,-1.89228473650847,1
0,0,0,0,0,0.63105825408173,-4.04247077931933,1
0,0,0,0,0,-0.463096331028195,-3.05709565742333,1
0,0,0,0,0,-1.86426464056789,-2.95379408731472,1
0,0,0,0,0,0.0792388292503889,-2.82476824562347,1
0,1,-99,-99,-99,-0.27776923920868,-1.53795775755155,1
0,0,0,0,0,0.620170472322445,-3.33318503967796,1
0,0,0,0,0,-1.71263998775778,-3.99078831059171,1
0,0,0,0,0,0.733254142121267,-1.76814033272972,1
1,-99,-99,-99,-99,-0.126843550123642,-2.81192453662949,1
0,0,0,0,0,-0.404216256111868,-1.65724919887369,1
0,0,0,0,0,-1.47515915368474,-6.38694527974252,1
0,0,0,0,0,-1.38489592028319,-2.4781486378244,1
0,0,0,0,0,0.272535343295091,-3.83051354263566,1
0,0,1,-99,-99,-0.881697057782049,0.161442329920959,1
0,0,0,0,0,1.64207384004003,-1.66534026219759,1
0,0,0,0,0,0.465943593990698,-3.05760976985302,1
0,0,0,0,1,0.447986176870923,-1.47187732019747,1
0,0,0,0,0,-1.53092348031943,-3.89062658637639,1
1,-99,-99,-99,-99,0.255108489112287,-0.298989282625851,1
0,0,0,1,-99,0.0182198196047586,-0.783194435020912,1
0,0,0,0,0,-0.778249984441038,-2.75964222976756,1
1,-99,-99,-99,-99,0.860212327999349,-1.70215339887493,1
0,1,-99,-99,-99,1.34830103000819,-1.36306575832297,1
0,0,0,0,0,-0.199960962075964,-4.23397027818949,1
0,0,0,0,0,-0.236071183115514,-1.81170759816772,1
0,0,0,0,0,-1.68543670065235,-4.54023392268418,1
0,1,-99,-99,-99,-1.39591206275716,-1.8335582308836,1
0,0,0,1,-99,1.40942055018759,-1.65702481581851,1
0,0,0,0,0,0.581229963401535,-4.40934254952875,1
0,0,1,-99,-99,-0.0757568589495153,-2.46438472103664,1
1,-99,-99,-99,-99,-0.134867400865516,-2.45005748648913,1
0,0,1,-99,-99,1.65972539219131,-2.15078966190344,1
0,0,0,0,0,0.247385598532374,-1.55798220528688,1
0,0,0,0,0,-1.2455679756321,-4.15806409132403,1
0,1,-99,-99,-99,1.51043239228012,-1.21740083335978,1
0,1,-99,-99,-99,1.56833124231026,-2.61472199665177,1
0,0,0,0,0,-1.09075609523376,-5.21717913619426,1
1,-99,-99,-99,-99,0.845366987333891,-1.52415665958575,1
0,1,-99,-99,-99,0.841602443260815,0.288331742505527,1
0,0,0,0,0,-0.830133183292897,-4.22237202641941,1
0,0,0,0,0,-0.407258536688476,-3.15450788655648,1
0,0,0,0,0,-1.09934551206465,-2.82550434631121,1
0,0,1,-99,-99,0.577476965770742,-2.39552744559327,1
0,0,0,0,0,-0.36662546282954,-2.42667061399998,1
0,0,0,0,0,1.86923702522709,-3.19677422950903,1
0,0,0,0,0,-0.0470803792907669,-4.799606530308,1
0,0,0,1,-99,2.11922020684691,-1.23996617223396,1
0,0,1,-99,-99,2.05318435258293,-2.14092745143414,1
0,0,0,0,0,-1.53449305629033,-3.4463113135887,1
0,0,0,0,0,-1.09056704364432,-1.82971489361969,1
0,1,-99,-99,-99,0.412705370007524,-2.12616285462184,1
0,0,0,0,0,-0.756211941634153,-1.41577758630724,1
0,0,0,0,0,-1.75968519352335,-3.14759796390099,1
0,1,-99,-99,-99,1.37075710299214,-4.35713965968705,1
0,0,0,0,0,-0.862901023552692,-2.83898176863722,1
0,0,0,0,0,-0.173157310161383,-3.31118506323227,1
1,-99,-99,-99,-99,1.65905682013956,1.57833831760781,1
0,0,0,0,0,-1.06286069263264,-3.55418067970237,1
0,0,0,0,0,-2.57953550179027,-2.01897104492581,1
0,0,0,0,0,-0.579037231708357,-1.76325592634011,1
0,0,0,1,-99,2.28544563402994,-1.65827675088171,1
0,0,0,0,0,-1.88493468517375,-3.60978977812516,1
0,0,0,0,0,0.271768529203139,-2.89885369221149,1
0,0,0,0,0,0.72058986659167,-2.71749646716408,1
0,0,0,0,0,-0.358486528102118,-0.895965089983713,1
0,0,0,0,0,-0.805225372747502,-4.88922050859441,1
0,0,0,0,0,-1.82185744723947,-3.46221569246475,1
0,0,0,0,0,0.571212574984029,-2.8253036256597,1
0,0,0,0,0,-0.330295703667208,-1.35765365342932,1
0,0,1,-99,-99,0.936267601126486,-3.30617554977129,1
0,0,0,0,0,-0.823569573818288,-3.52334016301172,1
0,0,0,0,0,0.294367487772913,-1.92250626511524,1
0,1,-99,-99,-99,1.40743887541477,1.18936662709145,1
0,0,0,0,0,-0.931522970205864,-4.64807097403969,1
0,0,0,0,0,0.855870539845493,-0.490377852745549,1
0,0,0,0,0,0.00704243970705164,-2.57677748890662,1
0,0,0,0,0,0.551192618893427,-2.76848402409578,1
0,0,0,0,0,-1.01060521507756,-5.54955147464361,1
1,-99,-99,-99,-99,3.53816857280485,-0.351060499635009,1
0,0,0,0,0,1.94934902584513,-4.18070765189971,1
0,0,0,0,0,-0.282358233228484,-2.83963111216598,1
0,0,0,0,1,0.679240138485478,-3.57239807400648,1
0,0,0,0,0,-0.317501610365673,-3.68919726399758,1
0,0,0,1,-99,0.32735039894757,-1.1030283014095,1
0,0,1,-99,-99,0.582342772217809,-3.6121921563353,1
0,0,1,-99,-99,-0.218705779361864,-2.44421760533077,1
0,0,0,0,0,-0.578749137372814,-1.92201177805211,1
0,0,0,1,-99,0.72218331701875,-0.00463566827166506,1
1,-99,-99,-99,-99,2.56472733227023,-1.04155724660159,1
0,0,0,0,0,0.528058274263678,-4.17740275357555,1
1,-99,-99,-99,-99,1.21834812999324,-3.26891926871633,1
0,0,0,0,0,-1.07749143741619,-6.19076776792948,1
0,0,0,0,0,-0.81678425334983,-3.17153110370216,1
0,0,0,0,0,1.55755277767193,-1.59109504309404,1
0,0,1,-99,-99,0.0239788730603169,-1.59544053381733,1
0,0,0,0,0,0.439272097169041,-4.00408584422075,1
0,0,0,0,1,1.17441157575314,-1.22560130979364,1
0,0,0,0,0,-0.426954664358,-3.46826127083745,1
0,0,0,0,0,0.577352687939432,-3.70602565602518,1
0,0,0,0,0,0.12817871549644,-2.01269691687579,1
0,0,0,0,0,-0.260771948779423,-1.77953279272662,1
0,0,1,-99,-99,0.691613669783236,-1.73847251981799,1
0,0,0,0,0,-0.982941843201979,-3.56923142328085,1
0,0,0,0,0,0.0915829978259187,-4.99771131963952,1
0,0,0,0,0,-0.141353691611731,-5.24092168531596,1
0,0,0,0,0,-1.08720135661595,-0.429983814511057,1
0,0,0,0,1,0.638617543525708,-1.74123207729674,1
0,0,0,0,0,0.923507533423212,-4.09385473377887,1
0,0,0,0,0,-0.0916046765123972,-3.34688770514997,1
0,0,0,0,0,-0.0711318840412115,-2.56143982823978,1
0,0,0,0,0,-1.12136059039092,-3.41172929494128,1
0,0,0,0,0,-0.77350715248247,-3.76564702578921,1
0,0,0,0,1,-0.747110983460292,-3.51768375083691,1
0,0,0,0,0,0.397025486586621,-4.157243014488,1
1,-99,-99,-99,-99,2.59707898371217,-0.278943683145438,1
0,1,-99,-99,-99,0.397340092643712,-4.52050323392226,1
0,0,0,0,1,0.490717084360417,-3.73429542720628,1
0,0,0,0,0,-0.0512752816214958,-2.99871553550317,1
0,0,0,0,0,-0.574468716168874,-1.79077097272567,1
0,0,0,0,0,-0.693002767506816,-4.18358964140776,1
0,0,0,0,0,0.278709668826055,-3.92116359020914,1
0,0,0,0,0,-1.47396453388727,-5.55459869724006,1
0,0,0,0,0,-0.270480243893754,-2.49954495009964,1
1,-99,-99,-99,-99,1.34428649665015,-2.99398720195406,1
0,0,0,0,0,-0.38924728265175,-2.59166463336322,1
0,0,0,0,0,-0.294263578778103,-3.43360188588585,1
0,0,0,0,0,-0.587657603230704,-1.96222989327696,1
0,0,1,-99,-99,0.861983614458506,-4.09581104702059,1
0,1,-99,-99,-99,0.741531389973654,-1.32204058644227,1
0,0,0,0,0,-1.13584341666584,-2.13618781285842,1
0,0,0,0,0,-0.154778120486881,-1.05694531851225,1
0,0,0,0,0,-0.143508154729545,-4.69083350671727,1
0,0,0,0,0,-0.759959325238392,-3.1412018419691,1
0,0,0,0,0,-0.030795851649106,-2.04818823926179,1
0,0,0,0,0,-2.04249985754335,-4.48555263055429,1
0,0,0,0,0,-0.193693888543976,-4.42654001447583,1
0,0,0,0,0,-1.01513048091967,-4.66339002218098,1
0,0,1,-99,-99,0.0165690661127546,-1.47021739446462,1
0,0,0,0,0,0.361031289546816,-1.83578379544217,1
0,0,0,0,1,-1.25139664496256,-3.85528712036604,1
0,0,0,0,0,0.90307998565429,-2.49728139578327,1
0,0,0,0,0,0.998525485629956,-4.04131079941893,1
1,-99,-99,-99,-99,0.714414686366112,-1.90897213406744,1
0,1,-99,-99,-99,0.318498192863359,-0.335348093220351,1
0,0,0,0,0,-1.02632676364331,-4.44971695777014,1
0,0,0,0,1,-0.217884093771408,-2.90940081146537,1
0,0,0,0,0,0.125793740468266,-4.02144145805495,1
0,0,1,-99,-99,1.13952398614363,1.33664708507491,1
0,0,0,0,0,0.936932424905171,-3.22694020494463,1
0,0,0,0,0,0.90333114950113,-1.21764195297667,1
0,0,0,0,0,-0.638801095682978,-5.04167602057157,1
0,0,0,0,0,-1.20974459905619,-4.9349378840026,1
0,0,0,0,0,0.683108766328465,-2.80396378384623,1
0,0,0,0,0,0.946996790084592,-3.04802986607548,1
0,1,-99,-99,-99,1.29297212027944,-1.22626147149705,1
0,0,0,0,0,-0.885007753667481,-3.49849992252593,1
0,0,0,0,0,-0.452395753204026,-4.21442407218725,1
0,0,0,0,0,-0.648231332197637,-4.85720901989351,1
0,0,0,0,0,-0.0103259524230664,-0.219776958827218,1
0,0,0,0,0,-0.129290793573424,-3.71871141735932,1
0,0,0,0,0,0.918344540878115,-1.30812809512841,1
0,0,0,0,0,-0.570325696698696,-2.31632182085452,1
0,0,0,0,0,-0.756961326570466,-3.79459910395691,1
0,0,0,0,0,-0.576588743531922,-3.78423240201967,1
0,0,0,0,0,-0.321892121119657,-3.80575337533329,1
0,0,0,0,0,0.660682450114045,-4.45502825839108,1
0,0,0,0,0,0.00665889108734361,-2.56908646392704,1
0,0,0,0,0,0.615284633792713,-2.22206076525822,1
0,0,0,0,0,-0.0900053574635937,-3.98414400970916,1
0,0,0,0,0,-2.9994949909225,-4.28359025829331,1
0,1,-99,-99,-99,1.43416488133482,-2.75901376384853,1
0,0,0,0,0,0.1937013796867,-3.06567566988385,1
0,0,0,0,0,-0.685328957457071,-3.22311211098955,1
0,1,-99,-99,-99,-0.320798445574767,-2.62509039325293,1
0,0,0,0,0,-1.97711024036518,-4.79327711873575,1
0,0,0,0,0,-0.95423234114495,-2.30814908093035,1
0,0,0,1,-99,1.06410846893588,-3.8186497648123,1
0,0,0,0,0,1.43467679058132,-3.12821253624619,1
0,0,0,1,-99,0.8617519691308,-5.85386794734732,1
0,0,0,0,0,-0.742921320307846,-2.51359107799971,1
0,1,-99,-99,-99,1.06799826977234,-1.76690687348791,1
0,0,0,0,0,-0.587233451154134,-3.26779484431789,1
0,0,0,0,0,-2.1585685531049,-6.00668886873087,1
0,0,0,0,1,1.40238552936594,-0.445968544132236,1
0,1,-99,-99,-99,1.61737403093297,-1.91121345152025,1
0,0,1,-99,-99,0.332341364062614,-1.47130047310238,1
0,0,0,0,0,-0.521931787539971,-4.04898706060662,1
0,0,1,-99,-99,-0.13150773511946,0.274081981239506,1
0,0,0,0,0,-0.839853456145385,-3.38749050068301,1
0,0,0,1,-99,0.545432612260822,-1.68650652738511,1
0,0,0,0,0,-0.658547269581713,-3.64128592158907,1
0,0,0,1,-99,1.33853953426446,-2.45153896065238,1
0,0,0,0,1,-0.324891326429711,-1.3415300877446,1
0,0,0,0,0,-1.30662685706215,-3.53374016696168,1
1,-99,-99,-99,-99,-0.489826467462084,-2.73538121554115,1
0,0,0,0,0,0.204886611356531,-5.66574296310923,1
0,0,0,1,-99,1.04491110264973,-1.89596915945982,1
0,0,0,0,0,0.0217185315098891,-1.54800067173392,1
0,0,0,0,0,-1.05721734555238,-2.91195874468483,1
0,0,0,0,0,-1.56626252176998,-5.24716490464196,1
0,0,0,0,0,-1.3538050139666,-3.15071958866899,1
0,0,0,0,0,-0.634337178803674,-2.87953711447592,1
0,0,0,0,0,0.179174778443971,-2.23101073563589,1
0,0,0,0,0,1.01966669478661,-4.66825858754968,1
0,0,0,0,0,-1.2608413135314,-3.83748913676942,1
0,1,-99,-99,-99,0.96409195466835,-3.17987609798042,1
0,1,-99,-99,-99,-0.877737001675503,0.824195393803131,1
0,0,0,0,0,0.392929549309799,-4.13463535171916,1
0,0,0,1,-99,0.421284683495792,-0.818549841248334,1
0,0,0,0,0,0.739356152449987,-2.39508534017429,1
0,0,0,0,0,-0.446399273303733,-0.867855714589269,1
0,0,0,0,0,-0.128148803602744,-2.8321151314848,1
0,0,0,1,-99,2.42567161867732,-1.99881963214038,1
0,0,0,0,0,-0.81378795478059,-3.86176452265408,1
0,0,0,0,0,-1.03736609734531,-4.39825143281414,1
0,0,0,0,0,-0.205425004753936,-1.16361734844121,1
0,0,0,0,0,-0.964186674704084,-3.72515814795683,1
0,0,0,0,0,-0.815298482336375,-1.95055072133552,1
0,0,0,0,0,-1.95028593650726,-3.55800838552087,1
0,0,0,0,0,0.494960323156176,-4.23783874033065,1
0,0,0,0,0,0.910754996692983,-0.233185172371476,1
1,-99,-99,-99,-99,0.953760306932064,-1.81673661207095,1
0,0,0,0,0,-1.51120560978484,-5.24145822594334,1
0,1,-99,-99,-99,1.0962793299458,-1.08203080055678,1
0,0,0,0,0,-0.0185926157002765,-2.41407895591143,1
0,0,0,1,-99,0.0567450584248691,-1.79218307340565,1
0,0,1,-99,-99,-0.185782351629565,-2.80309870731851,1
0,0,0,1,-99,-0.286204686349073,0.752965879482984,1
1,-99,-99,-99,-99,0.826548250502127,-1.9508379313724,1
0,0,0,0,0,-0.149578463659714,-3.62955115661025,1
0,1,-99,-99,-99,0.596280899379787,-2.46584334397148,1
0,0,0,0,0,0.0790745585439488,-4.21227405486771,1
0,1,-99,-99,-99,1.39306974372244,-2.57873702807439,1
0,1,-99,-99,-99,0.204011149964605,-2.56003888900836,1
0,0,0,0,0,-0.965509093780661,-4.55294781616658,1
0,0,0,0,0,1.41214806564188,-3.30418422844452,1
0,0,0,0,0,1.23870095920213,-2.99733621456855,1
0,0,0,0,0,-1.0323761981471,-4.48959516658952,1
0,0,0,0,0,0.466494096492324,-3.04658437931435,1
0,0,0,0,0,-0.903696570726512,-3.13715900570369,1
0,0,1,-99,-99,0.463899019146755,-2.22128301226708,1
0,0,0,0,0,0.306492593305525,-2.89172507265125,1
0,1,-99,-99,-99,-1.01499294295529,-3.51103212262471,1
0,0,0,0,0,0.663601350725295,-3.36262772030837,1
0,0,0,0,0,0.195178770215892,-2.39326755331759,1
0,0,0,0,1,1.26966280526947,-2.94066058082497,1
0,0,0,0,0,-0.645175002354544,-2.46868251146885,1
0,0,0,1,-99,0.884291586214503,-1.50562331769269,1
0,0,0,0,0,0.841420494740505,-3.8771484869939,1
0,0,1,-99,-99,-0.428053091673787,-1.912455475512,1
0,0,0,0,0,-0.230304953517909,-3.74592174575275,1
0,0,0,0,0,-1.19033611549755,-4.39544248864825,1
0,0,0,0,1,0.0841047708262666,-2.43406057340536,1
0,0,1,-99,-99,0.588227214871118,-1.36155292166218,1
1,-99,-99,-99,-99,0.847543663745393,-4.06362821441494,1
0,0,0,0,0,-0.286207346383475,-1.00179202801714,1
0,0,0,0,0,-0.641721315495338,-4.40818212480174,1
1,-99,-99,-99,-99,-0.509817653991873,-1.5810119098177,1
0,0,0,0,0,-1.49220177533714,-2.96598884166593,1
0,0,0,1,-99,-0.109869858922159,-2.45952044501872,1
0,0,0,0,0,0.535939374354489,-3.63244645722713,1
0,0,1,-99,-99,-1.79923172279348,-2.43366547186157,1
0,0,0,0,0,0.355393863425036,-3.6465518490172,1
0,0,0,0,0,-1.60271454879912,-4.75352752067066,1
0,0,0,0,0,-1.18491380033612,-4.58604072088762,1
1,-99,-99,-99,-99,1.11443397569558,0.412654336331358,1
0,0,0,0,0,-1.45395202729977,-3.60626074241059,1
0,1,-99,-99,-99,0.826169955331749,-2.88720477535098,1
0,0,0,0,0,-2.11257514971831,-1.06601065051393,1
0,0,0,0,0,-0.533311998820047,-4.61264122436479,1
0,0,0,0,0,-0.597507372972448,-5.38685167182786,1
0,0,0,0,0,-0.265595544492137,-2.20834039783905,1
0,0,0,0,0,1.50653868814226,-1.72767117956987,1
0,0,0,0,0,-1.1435549218304,-1.83523044374401,1
0,0,1,-99,-99,0.280127605623344,-2.39390106085775,1
1,-99,-99,-99,-99,-0.0637429466257401,-2.96445595664398,1
0,0,0,0,0,-0.0580101865686592,-2.3558723724002,1
0,0,0,0,0,0.719321833994313,-4.52595526345241,1
0,1,-99,-99,-99,0.206760584506855,-3.45379404343909,1
0,1,-99,-99,-99,0.424046644202993,-3.11802011717635,1
0,0,0,0,1,0.00731833104015302,-3.11885864687393,1
0,0,0,0,0,-1.71962881489112,-4.74792723711247,1
0,0,0,0,0,-0.38819768915458,-1.33012276685146,1
0,0,0,1,-99,1.44371635356327,-2.04443883024516,1
0,1,-99,-99,-99,1.44511041458258,-3.35369264517299,1
0,1,-99,-99,-99,0.686747290463219,-2.76825672929398,1
0,0,0,0,0,0.241700394930072,-1.41820520741114,1
0,0,0,0,1,0.180759334938355,-3.92865487217472,1
0,1,-99,-99,-99,1.16078043386221,-3.1934464430367,1
0,0,1,-99,-99,0.296155285671458,-2.30331222144645,1
1,-99,-99,-99,-99,1.69962273089108,-0.953737897067176,1
0,0,0,0,0,-1.23548908668779,-2.18725367573952,1
0,1,-99,-99,-99,-0.36681902239465,-0.754814856540258,1
0,0,0,0,1,0.482108793659238,-0.98365911293364,1
0,0,0,0,0,-0.279591098637842,-3.45920132030644,1
0,0,1,-99,-99,0.930412127350495,-2.63135398754008,1
0,0,0,0,0,-0.730363879441697,-1.9461760618056,1
0,0,0,0,0,-0.117141738427898,-1.91011761502591,1
0,0,0,0,0,1.37042675521419,-3.72901250820107,1
0,1,-99,-99,-99,0.342424768108762,-0.480660609897936,1
0,0,0,0,0,0.140125691545427,-1.39215883905699,1
0,0,0,0,0,0.390051066011631,-3.35086898974622,1
0,1,-99,-99,-99,0.466645796641528,-0.168476470705968,1
0,1,-99,-99,-99,1.51165975135727,-0.661562017691661,1
0,0,0,1,-99,1.15953147841031,0.488658461547066,1
0,0,0,0,0,1.10041190771891,-1.8105653910809,1
0,0,0,1,-99,1.00686552775875,-1.43298679351956,1
0,0,0,0,0,0.435675083376816,-5.0809897339659,1
0,0,0,0,0,0.165364779466596,-1.58876360624975,1
1,-99,-99,-99,-99,0.113380855209708,-2.44187864720161,1
0,0,0,0,0,1.58440433676529,-1.27015350787802,1
0,0,0,0,0,-0.0155135178508284,-2.48279530994354,1
1,-99,-99,-99,-99,-0.907635718830158,-1.93249217463483,1
0,0,0,0,0,-1.91505557061551,-3.79360536662255,1
0,0,0,0,0,-0.0966425567819963,-2.71486254193121,1
1,-99,-99,-99,-99,-0.616544142139806,-2.22036170110878,1
0,0,0,0,1,0.194917502352453,-2.89687581425707,1
0,0,0,0,1,1.11758218234816,-1.68558578643109,1
0,0,0,0,0,-0.44561816727209,-3.46167556563038,1
0,0,0,0,0,-0.113215662310406,-3.81844205321384,1
0,0,0,0,0,-0.682799091043021,-2.96031486507268,1
0,0,0,1,-99,1.37288049145097,-2.01100419003287,1
0,0,0,0,1,1.19606528971039,-0.77975316125618,1
0,0,0,0,1,0.641525605748811,-1.41999378828776,1
0,0,0,0,0,-1.03907394592763,-2.31278316972169,1
1,-99,-99,-99,-99,-0.267293432147671,-2.87725792881282,1
1,-99,-99,-99,-99,1.52189587480604,-2.70948627150415,1
1,-99,-99,-99,-99,1.63221512879999,-1.34169546274446,1
0,0,0,0,0,-1.17996904306522,-2.39316749090677,1
0,0,0,0,1,0.88220971184359,-2.40882635345015,1
0,0,0,0,0,0.236147058325129,-1.93592469030344,1
0,0,0,0,0,-0.108814868307841,-4.24972982685565,1
0,0,0,0,0,0.271023670628545,-2.37319151960819,1
0,1,-99,-99,-99,-0.584289420370569,-2.88271068041603,1
0,0,0,0,0,0.63353250982537,-3.2634692986269,1
0,0,0,0,0,-0.195644053973113,-2.97268713967989,1
1,-99,-99,-99,-99,-0.773134928312205,-2.73415820325476,1
0,0,0,0,1,-0.710810744115589,-3.18606836965606,1
0,0,0,0,0,-0.271641902972362,-4.7120091177466,1
0,0,0,0,0,-0.559064224582776,-3.52989073698925,1
0,0,0,0,0,-0.502318302377668,-2.77097887014369,1
0,0,1,-99,-99,1.41457512244402,-2.08049597781207,1
0,0,0,1,-99,-0.911630376798348,-2.61897572775876,1
1,-99,-99,-99,-99,0.952717289550267,-3.3630278782098,1
0,0,0,0,0,0.00742779023300745,-1.89700117746606,1
0,0,0,0,0,-0.441895724301303,-1.99295780257384,1
1,-99,-99,-99,-99,0.237378816367562,-3.53813615722156,1
0,0,0,0,1,0.124878355914194,-1.48449709206456,1
0,0,0,0,0,-0.488611723469139,-1.7771975617095,1
0,0,0,0,0,-0.486203379811856,-4.52833034675166,1
0,0,0,0,0,-1.56583260497173,-3.88603679576707,1
0,0,0,0,0,-1.43491449955409,-4.48564309539516,1
0,0,0,0,0,-0.155480199195764,-6.50406263193473,1
1,-99,-99,-99,-99,-0.047817124942217,-0.588682536145886,1
0,0,0,0,0,-1.16526959921355,-1.37331337688454,1
0,0,0,0,0,-1.20442763766597,-4.16559589212491,1
0,0,0,0,0,0.747815480505786,-2.09876058524386,1
0,0,0,0,0,-1.31627760868881,-3.65156426866673,1
0,0,0,0,0,-0.283327401466722,-3.93333757299867,1
0,0,0,0,0,0.844616308073136,-3.20730591945681,1
0,1,-99,-99,-99,-0.0827793566552571,-0.805413638627046,1
0,0,0,1,-99,0.177881464439105,-1.319582062196,1
0,0,0,0,0,-2.05717559259309,-4.94754311317753,1
1,-99,-99,-99,-99,-0.585513641323576,-0.0392370226988421,1
0,0,0,0,1,1.49748137113508,-4.01481872358352,1
1,-99,-99,-99,-99,0.266141441914911,-2.04381017817335,1
0,0,0,0,0,-0.300289552052668,-3.39872940077217,1
0,0,0,0,0,-0.466602127811475,-3.62844485379531,1
0,0,0,0,0,0.414980917490396,-3.84226252063828,1
0,0,0,0,0,-0.880775820913037,-1.80675082070709,1
0,0,0,0,0,-0.0466877861879381,-3.75250207936304,1
0,1,-99,-99,-99,1.09623059700557,-3.19294853256984,1
0,0,0,0,0,0.313175316219658,-2.40287846701086,1
0,0,0,1,-99,1.32969775028828,-1.17700043062833,1
0,0,0,0,0,-0.346639623443083,-2.04611215404834,1
0,0,0,0,0,1.07141394475167,-3.09948596687094,1
0,1,-99,-99,-99,1.43160734368296,-1.20017585482241,1
0,1,-99,-99,-99,2.60743624670803,-1.9336114653123,1
0,0,0,1,-99,1.28641623075192,-0.864902718846831,1
0,0,0,0,0,-2.61366327803769,-5.27198332599932,1
0,0,0,0,0,-0.0732874282899709,-3.24412382256722,1
0,0,0,0,0,-0.121526601627838,-1.88333786369986,1
0,0,0,0,0,0.291822234848578,-3.94685871561942,1
0,0,0,1,-99,0.141220008673539,-1.0413840731702,1
0,0,0,1,-99,0.0183908528466475,-1.00025511287817,1
