0,0,0,0,0,0.653304598765971,-3.08075015457176,1
0,0,0,0,0,-0.0809306968404871,-3.19366537081668,1
0,0,0,0,0,-0.00104733963086038,-3.20012151127823,1
0,0,0,0,0,0.894990644146002,-2.98793523808833,1
0,0,0,0,0,-0.821177308495067,-2.20456732122144,1
0,0,0,0,0,-1.5723380721732,-4.45375563177922,1
0,0,0,0,0,-0.0665157873877855,-2.40422195833354,1
0,1,-99,-99,-99,1.17284772849143,-2.19460151252786,1
1,-99,-99,-99,-99,2.031832568013,-3.00809578875468,1
0,0,0,0,0,0.302180390001132,-2.93258427513542,1
0,0,0,0,0,-1.05524130638098,-3.66977193599675,1
0,0,0,0,0,0.518889382442467,-2.49083677741219,1
0,0,0,0,0,-1.13498771384863,-2.62809903213592,1
0,0,0,0,0,-1.00707879369484,-2.85310992627313,1
0,0,0,0,0,0.872058657449575,-4.05717041137188,1
0,0,0,0,0,0.40959955569937,-4.49369814381129,1
0,0,0,0,0,-0.93527829466347,-5.0390971675322,1
0,1,-99,-99,-99,1.60560595660427,-2.75811246409627,1
0,0,0,0,0,0.43674658733321,-2.48008813210965,1
0,1,-99,-99,-99,1.31308022982059,-0.485904824689191,1
0,0,1,-99,-99,1.47225361545846,-2.55200654899994,1
0,0,0,0,0,-1.05542943600304,-4.03497690772022,1
0,0,0,0,0,-0.00219018616108237,-6.08144171294822,1
0,0,0,0,0,-0.16780147037926,-2.83715030765166,1
1,-99,-99,-99,-99,1.11019659093179,-2.11615863099142,1
0,0,0,0,0,-0.360871482344208,-4.05091067662199,1
0,1,-99,-99,-99,0.53389454892137,-2.52050613182523,1
0,0,0,0,0,-1.57544140193042,-3.58679400133906,1
0,1,-99,-99,-99,0.806891569584778,-1.96516666889115,1
0,0,0,1,-99,-0.453370993042047,-4.19331887900191,1
0,0,0,0,0,-0.881915947015536,-1.80995479317039,1
0,0,0,0,1,0.248469981350621,-2.5487189155018,1
0,0,1,-99,-99,2.03920195842627,-1.82279787986361,1
0,0,0,0,0,-0.781000315681928,-3.38547675645636,1
0,0,0,0,0,-1.93150761497801,-4.9110273822361,1
0,0,1,-99,-99,0.948141069001704,-0.297670707492125,1
0,0,0,0,0,0.0453853290759616,-1.60386240267547,1
0,0,1,-99,-99,0.433434539692739,-1.41672977374553,1
0,0,0,0,0,-0.934613617085963,-2.44187010429521,1
1,-99,-99,-99,-99,0.553857999274763,-2.34365469089387,1
0,0,0,0,0,1.49495611135181,-3.20036433363,1
1,-99,-99,-99,-99,1.93209155983836,-2.13313146079045,1
0,0,1,-99,-99,0.862378671694768,-2.28502353316079,1
0,0,0,0,0,-0.895895096393119,-2.03481729486081,1
0,0,0,0,1,0.611967088458222,-2.79872265390209,1
0,0,0,0,0,-0.23163013475439,-2.62870965342908,1
0,0,0,0,0,0.732821511129706,-4.12002107748483,1
0,0,0,1,-99,0.0906593687374868,-1.79796254476603,1
0,0,0,0,0,-0.225886026745934,-4.30092831609447,1
0,0,0,1,-99,-0.218053638422385,-3.12718119249887,1
0,0,0,0,0,0.139267360994043,-3.75499995683971,1
0,0,0,0,0,0.775873672199453,-0.166372360645334,1
1,-99,-99,-99,-99,-1.68071924133997,-4.2264888298928,1
0,0,0,0,0,-0.831325362422702,-1.42127761153279,1
0,0,0,0,0,-0.184308868097147,-3.85583316626492,1
0,0,0,0,0,-0.106243011383571,-1.52668594678539,1
0,0,1,-99,-99,1.45232152653828,-1.91671201455721,1
0,0,0,0,0,-1.43837311498818,-4.82068398692749,1
1,-99,-99,-99,-99,2.41824570756674,-2.40096705783438,1
0,0,0,0,0,-0.258616691111174,-2.69994319729387,1
0,0,1,-99,-99,0.330663709938155,-1.58609227114416,1
0,0,1,-99,-99,-0.192030804196497,-1.82252916080449,1
0,0,0,0,0,0.228865469268543,-3.6557041618204,1
0,0,0,0,0,-1.74231115493424,-6.08799954035306,1
1,-99,-99,-99,-99,-0.491171277687753,-0.835105103993548,1
0,0,0,0,0,1.08663519169797,-0.882391503821483,1
0,0,0,0,0,0.724437643469501,-2.51886076556868,1
0,0,0,0,0,-0.898681140797361,-4.30455966442993,1
0,0,1,-99,-99,0.748916021532624,-1.77560166009566,1
0,0,0,0,0,-0.423137715600065,-3.68739641733941,1
0,0,0,0,1,1.21245454522264,-3.06042672911879,1
0,0,0,0,0,0.249710272700356,-3.13132168414812,1
0,0,0,0,1,-0.851992708686921,-2.16480598472446,1
0,0,0,0,0,-0.25588375936395,-2.52958329056138,1
0,0,0,0,0,-1.35158729882266,-4.45186965332349,1
0,0,0,0,0,-0.216578069684791,-2.72516534007344,1
1,-99,-99,-99,-99,0.89446661097455,-1.36404313552177,1
0,0,0,0,0,1.57371660575335,-0.345743639262857,1
1,-99,-99,-99,-99,-0.520318448544506,-3.65861532031874,1
1,-99,-99,-99,-99,-0.183727474517616,-1.58421481873269,1
0,0,0,0,0,-1.12840350195373,-5.34326117693247,1
0,0,0,0,0,0.305681871099982,-2.51266707569558,1
0,0,1,-99,-99,-1.30709362176203,-1.17280001227459,1
0,0,0,0,0,1.57380535204409,-0.480887056981106,1
0,0,0,0,0,-1.26397995227662,-2.13649684600159,1
0,0,0,0,0,0.331102627787306,-2.04420181174128,1
0,0,0,1,-99,1.91146036802074,-2.05164505210621,1
0,0,1,-99,-99,1.23187382389914,-2.35652718655082,1
0,0,0,0,0,0.204640256009706,-1.6822365248644,1
0,0,0,0,0,-1.03542363109922,-2.92508490813361,1
0,1,-99,-99,-99,1.22682313333332,-0.665273073362402,1
0,0,1,-99,-99,0.684025853153383,0.0148742048822068,1
0,0,0,0,0,-0.111205563612801,-2.95380546461341,1
0,0,0,1,-99,1.56475907960255,-4.72732288547255,1
0,0,0,0,0,-2.4068495979786,-0.417211930861375,1
0,0,0,0,0,-1.29804403362547,-4.74415296060401,1
0,0,0,0,0,-0.143469680320141,-2.71761695132183,1
1,-99,-99,-99,-99,1.44659771897512,-2.71866006053132,1
0,0,0,0,0,-0.429830380282643,-3.13882007616311,1
0,1,-99,-99,-99,2.45814024482805,-0.61159551705874,1
0,0,0,0,0,0.0266615069298648,-3.61471664881773,1
0,0,1,-99,-99,0.900138715212191,-0.00430462782067953,1
0,0,0,1,-99,0.945853084332702,-3.35533447586396,1
0,0,0,0,0,-0.540054305693378,-2.30563772792581,1
0,0,0,0,1,-0.330324451241558,-2.95755872772785,1
0,1,-99,-99,-99,1.280390278892,-2.68343429471161,1
0,0,0,0,0,-1.21348154080802,-2.95837942163153,1
0,0,0,0,0,1.20365356042154,-4.66366995914103,1
0,0,0,0,0,-0.068348105587666,-3.38092979079338,1
0,1,-99,-99,-99,0.6364345097237,-0.104680922848176,1
0,0,0,0,1,0.489317039227811,-0.312463581052065,1
0,0,0,0,0,1.11195929232584,-4.5961997899072,1
0,0,0,0,0,0.232071801124603,-3.51497235810752,1
1,-99,-99,-99,-99,2.00725664829278,0.128664152048327,1
0,0,0,0,1,1.41802892302176,-2.34503888658612,1
0,0,0,1,-99,-0.488450028321411,-4.37941478578481,1
1,-99,-99,-99,-99,1.68368648025773,-1.06033037431012,1
0,0,0,0,0,-1.67115962576852,-2.27658022230779,1
0,0,0,1,-99,0.494171331269618,-5.05573963190026,1
0,0,0,0,0,-1.28827884820935,-3.06760854297807,1
0,0,0,0,0,-1.0542128957104,-2.68247309590142,1
0,1,-99,-99,-99,1.16296375380304,-1.5368293279598,1
1,-99,-99,-99,-99,1.29437314504121,-0.863357263004363,1
0,0,0,0,0,0.334939138774671,-2.08442073761197,1
0,0,0,0,0,0.787962535428409,-2.55160809135954,1
0,0,0,0,0,-2.34129413927531,-3.50594121613994,1
0,0,0,0,0,-0.363570266990119,-5.50715786831652,1
0,0,0,0,1,2.1949694185677,-2.20367530520702,1
0,0,1,-99,-99,1.99485237086098,-3.63676801919856,1
1,-99,-99,-99,-99,-0.0987113592728111,-1.36232137455606,1
0,0,0,0,0,-0.0506563648830989,-3.81701662479616,1
0,0,0,0,0,-0.64571587302735,-2.45058602157335,1
0,0,0,0,0,0.805301141687693,-2.98960883084466,1
0,0,0,0,0,0.216044805688163,-1.78432336662407,1
0,0,0,0,0,-0.322516539159731,-4.39271983913227,1
0,0,0,0,1,-0.73081561112586,-3.94459583968636,1
0,0,0,0,0,-0.0255393664056504,-3.63687577618745,1
0,0,0,0,0,0.330945202753213,-2.06571794568755,1
0,0,0,0,0,-2.70058243868721,-3.93499584531615,1
0,1,-99,-99,-99,0.789587336329872,-1.47166096164388,1
0,0,0,0,1,0.265429267636969,-1.68138290531165,1
0,0,0,0,0,-0.0890485567891902,-5.1696161343254,1
0,0,0,1,-99,0.239894311380401,-2.32090408108596,1
0,0,0,0,1,0.144822023255174,-0.22709443840452,1
0,1,-99,-99,-99,1.86148348658423,-5.17903009623459,1
0,0,0,0,0,-0.698464935941844,-4.42856470145724,1
1,-99,-99,-99,-99,0.267341596761477,-2.94900447305238,1
1,-99,-99,-99,-99,0.63711889030079,-2.69581429633755,1
0,0,0,0,0,-0.304307893649645,-2.99086754722882,1
0,0,0,1,-99,0.455342743306366,-2.73403871928106,1
0,0,0,0,1,1.35252796318038,-3.1402466982615,1
0,0,0,0,0,0.0548489827712148,-4.87469898738285,1
0,0,0,0,0,0.156044793242276,-2.4783657914535,1
1,-99,-99,-99,-99,0.152774511546851,-3.3124239326914,1
1,-99,-99,-99,-99,1.38261460224042,-1.55841119468835,1
0,0,0,0,0,1.22540423409285,-2.71033860202199,1
0,0,0,0,0,-1.6312073189851,-2.8444810486479,1
0,0,0,0,0,-1.26688241547634,-3.23252908442859,1
0,1,-99,-99,-99,1.6251987317489,-2.73173041853538,1
0,0,0,0,0,1.01896671251524,-2.13936440230901,1
0,0,0,0,0,1.27134821703823,-3.46123708573599,1
0,0,0,0,1,0.417380244469552,-2.6741017492505,1
0,0,1,-99,-99,0.527524811052119,-2.05050367474099,1
0,0,0,0,0,-1.34256175447065,-0.474419217592867,1
0,0,1,-99,-99,-0.0898527283403537,-2.01609789062292,1
0,0,0,0,0,0.644846163150805,-1.83584600176069,1
0,0,0,0,0,-0.237153408968689,-4.92657644856211,1
0,1,-99,-99,-99,2.3417076071876,-1.83689724772224,1
0,0,0,0,0,0.702987453669636,-2.12534791449219,1
0,0,0,0,0,-0.617057871717731,-4.87184430813795,1
0,0,0,0,0,0.422359520759305,-2.82881135037869,1
1,-99,-99,-99,-99,1.66429020564702,-2.49207138731401,1
0,0,0,1,-99,0.485469699582486,-2.37710629020552,1
0,0,0,0,0,0.265538972493765,-0.586880633188305,1
0,0,0,0,0,-1.47862154402251,-2.96259774180549,1
0,0,0,0,0,-0.76641652738681,-2.40389611338821,1
0,0,0,0,0,0.166672719294099,-2.11985248018021,1
0,0,0,0,0,-1.1202315152609,-2.32017296392416,1
0,0,0,0,0,-0.168411474343151,-2.212613869801,1
0,0,0,0,0,-0.935694591150082,-4.65346651612612,1
0,0,0,0,0,-0.379194241529595,-0.87367812988315,1
0,0,1,-99,-99,0.0279567660876213,-0.995050447540237,1
0,0,0,0,1,-0.305112830856039,-3.2154108937187,1
0,0,0,0,0,0.68161546628598,-2.42524375390102,1
0,0,0,0,0,1.49468741626689,-4.02027563906227,1
0,0,0,0,0,-0.202837404203424,-2.34589803691966,1
0,0,0,0,0,-0.459201410969226,-5.75390029739742,1
0,0,0,0,0,1.31151998521923,-4.57609847433085,1
0,0,0,0,1,0.820519122369857,-0.452363243341064,1
0,0,0,0,1,-0.780445994560102,0.225013445271152,1
0,1,-99,-99,-99,1.32639842097357,-1.54914420129072,1
0,0,0,0,0,-0.302335996055876,-3.3040703432287,1
0,1,-99,-99,-99,1.22066515927614,-2.04703546940381,1
0,1,-99,-99,-99,-0.592563210216502,-5.03462935857873,1
0,0,0,0,0,0.885463920228106,-3.31277490742467,1
0,0,0,0,0,0.591201372610354,-1.41759082258151,1
0,0,0,0,0,1.07767117249888,-4.15712882349822,1
0,0,1,-99,-99,0.964393787368596,-2.2501339195041,1
0,0,0,0,1,1.39888168288519,-1.66831649565857,1
0,0,0,1,-99,1.2542185437852,-3.16011193105257,1
1,-99,-99,-99,-99,-0.483640770046165,-2.82826621869421,1
0,0,0,0,0,-1.68797678849319,-3.34295258990399,1
0,1,-99,-99,-99,0.59585302416031,-3.72224935854618,1
0,0,0,0,1,1.84376900517671,-1.70523143731831,1
0,0,0,0,0,0.315782927964594,-3.19743301203195,1
0,0,0,0,0,-0.325811808275883,-3.21871739010248,1
0,0,0,0,0,0.0838679423570769,-0.613174212971273,1
0,0,0,0,0,-0.26757052834245,-2.3458139263036,1
0,0,0,0,0,-1.02514881585277,-3.21870125056881,1
0,0,0,0,0,0.687381636503629,-1.77746812060734,1
0,0,0,0,0,-0.255285760900661,-4.20716255170148,1
0,0,0,0,0,0.512066557691379,-2.70301984120046,1
0,0,0,0,0,0.405237676168899,-3.33648638019427,1
0,0,0,0,0,-0.715362816186069,-2.52346476930821,1
0,0,0,0,0,-1.51250701149372,-1.96839860259614,1
0,0,0,0,0,-0.0688016925297502,-3.96334199880797,1
0,0,0,0,0,-0.308730566950402,-1.66668537739031,1
0,0,0,0,0,-0.506384128838572,-6.16156834327624,1
0,0,0,0,1,0.681829736886806,-2.21575938483071,1
0,0,0,0,0,-1.41251434722846,-3.50079262040387,1
0,0,0,0,0,-1.52499833559489,-6.01718373825153,1
1,-99,-99,-99,-99,-0.143085074500728,-1.41822931002304,1
1,-99,-99,-99,-99,0.570657628063424,-2.794422849006,1
0,0,0,0,0,-1.41876172086897,-2.25422869388721,1
0,1,-99,-99,-99,-0.541663433132811,-3.43496740768573,1
0,0,0,0,0,0.346023283092248,-3.05970413086633,1
1,-99,-99,-99,-99,0.769321198380828,0.603170862167317,1
0,0,0,0,0,0.887211739661421,-4.53066521463214,1
0,0,0,0,0,-0.826224762193215,-1.60393077763659,1
0,0,0,0,0,0.345281726490512,-3.55254180182736,1
0,1,-99,-99,-99,2.08073355490844,-3.18057417535445,1
0,0,0,0,0,-1.83735848149725,-3.89441544549452,1
0,0,0,0,0,-0.423416329741209,-0.908768611039405,1
0,0,0,0,0,-1.37047586572143,-2.29215240593845,1
0,0,0,0,0,-0.422811964944169,-4.23028849687836,1
0,0,0,0,0,-0.0124802325592997,-2.05362427390545,1
0,0,0,0,0,1.06652942565378,-1.20676002923278,1
0,0,0,0,0,-1.01829322982894,-2.88974379932787,1
0,0,0,0,0,-0.933717002948507,-3.64615126993769,1
1,-99,-99,-99,-99,1.14601828725093,-2.5542031896059,1
0,0,1,-99,-99,1.73214030285113,-1.3044570008481,1
0,0,0,0,0,-0.334395410255235,-5.00788834911338,1
1,-99,-99,-99,-99,2.10862679053956,-0.390372305927773,1
0,0,0,0,0,-2.35045539269118,-4.88737963207726,1
0,0,0,0,0,-0.619429979782344,-2.77796542296305,1
0,0,0,0,0,-0.380865876532433,-4.29721625788251,1
1,-99,-99,-99,-99,0.986022361991098,-3.6777661502329,1
0,0,0,1,-99,0.15092698410922,-3.6950566699524,1
0,0,0,0,0,-0.992509226653932,-4.09161060930408,1
0,0,0,0,0,0.460674271768329,-2.94377788384763,1
0,1,-99,-99,-99,1.803994883372,-1.41791812169676,1
0,0,0,1,-99,0.378389630251556,-1.87035385689243,1
0,1,-99,-99,-99,0.887975610449324,-2.22828146392333,1
0,0,0,0,0,-0.391561318919653,-5.22237857206851,1
0,0,0,0,1,0.853239949904449,-2.38495864739051,1
0,0,0,0,0,0.344715694039551,-1.67564229289879,1
1,-99,-99,-99,-99,0.73266186234768,-1.40983829599425,1
0,0,0,0,0,0.115920905043124,-4.06924023971956,1
0,0,0,0,0,-0.236817416816397,-2.17386905988418,1
0,0,1,-99,-99,-0.410506167129668,-1.1893806718165,1
0,0,0,0,0,0.664899091536425,-0.349123173883268,1
0,0,0,0,0,-0.87148108146324,-0.692276215068963,1
1,-99,-99,-99,-99,0.17895486323388,1.04816468613279,1
0,0,0,0,0,-2.07169933521662,-4.49136105374468,1
0,0,1,-99,-99,2.77994793216208,-2.51025649818374,1
0,0,0,0,1,-0.0599981490533495,-2.6644785549605,1
0,0,0,0,0,-0.736219210481696,-2.94801585960056,1
0,0,1,-99,-99,0.923159550568977,-1.57309993055136,1
0,0,1,-99,-99,1.3155201569568,-1.65121596725955,1
0,0,0,0,0,-1.64724478158244,-4.9483607080406,1
0,0,0,0,0,0.888947631386622,-2.70063256418818,1
0,0,0,0,0,-1.40886661568172,-1.71587981899572,1
0,0,0,0,0,0.436376809320277,-2.3260800221324,1
0,0,0,0,0,-0.980880063599289,-2.90749866641203,1
0,0,0,0,0,-0.979832499629504,-3.51549161177245,1
0,0,0,0,1,0.37229454479186,-2.53944899385847,1
0,0,0,0,1,0.981051447717276,-2.15693401066558,1
0,0,0,0,0,0.218107960735912,-3.42953967924867,1
1,-99,-99,-99,-99,0.22361183652338,-1.94728846209944,1
0,0,0,0,0,0.422054382289874,-2.85088946799378,1
1,-99,-99,-99,-99,0.582256974457639,-3.09166766589881,1
0,0,0,0,0,-0.679387435652421,-3.34808223981201,1
0,0,0,0,0,0.932947691975493,-3.90851241448875,1
1,-99,-99,-99,-99,0.54126442919021,-2.04632048349833,1
0,0,0,0,0,-0.232696897021646,-2.41448533739219,1
0,0,0,0,0,0.604943118475706,-5.18248731785999,1
1,-99,-99,-99,-99,1.63583079748722,-3.84335881815808,1
1,-99,-99,-99,-99,1.04312773841844,-1.67472472177128,1
0,0,0,0,0,-0.668188957472832,-2.53723370297249,1
1,-99,-99,-99,-99,0.163088866732438,0.307113306518299,1
0,0,0,0,0,-0.263027431066168,-1.74427240753126,1
0,0,0,0,0,-0.0273420337757725,-2.83968001152324,1
0,0,0,0,0,0.694875342633858,-3.57209938683297,1
0,0,0,0,0,-1.45028762669606,-4.36478870234494,1
0,0,0,0,0,-1.02928390033887,-3.02026852927064,1
0,0,0,0,0,-0.00821889759646475,-1.01161539866479,1
0,0,0,0,0,-0.617288124631761,-3.80127157127055,1
0,0,0,0,0,0.410149822379853,-4.50358754380128,1
0,0,0,0,0,-0.686279307252563,-2.75862464105375,1
0,1,-99,-99,-99,0.535059401934464,-0.410835825915886,1
0,0,0,0,0,1.67835700610548,-1.69752130290969,1
1,-99,-99,-99,-99,1.210133420396,0.716826353242695,1
0,1,-99,-99,-99,1.46110535705946,-2.02516538791565,1
0,0,0,0,0,-0.996302884756798,-2.7517019778416,1
0,0,0,1,-99,-0.261549135663066,-1.56301695207927,1
0,0,0,0,0,-0.307744068260648,-2.28095540203851,1
0,1,-99,-99,-99,2.07776596965236,-0.931284953098917,1
0,0,0,0,0,0.885285584840614,-6.26396878735262,1
0,0,0,0,0,1.40443625739847,-2.12380008750012,1
1,-99,-99,-99,-99,1.10191150042599,-3.72507272975044,1
1,-99,-99,-99,-99,1.16336650530003,-2.55457468242863,1
1,-99,-99,-99,-99,1.38302769512445,-1.8941929736597,1
0,0,0,0,0,0.0782582908112818,-3.60582220920114,1
0,0,0,0,0,0.00531221747904958,-2.23567275091519,1
0,0,0,0,0,-0.984874181579821,-2.2452655331328,1
0,0,0,0,0,0.327861988311053,-0.514793708797894,1
0,0,0,0,0,-0.27595499627996,-3.02557791848289,1
0,1,-99,-99,-99,0.947456312816294,-2.26501275407022,1
1,-99,-99,-99,-99,0.800483819020703,-4.56606684686853,1
0,0,0,0,1,-0.347939908713972,-0.524734869593331,1
0,0,0,0,0,0.544200349124222,-2.49620300770353,1
0,0,0,0,1,-0.489669899321635,-3.79286207372612,1
0,0,1,-99,-99,-0.236547063107631,-1.93048889391552,1
0,0,0,0,0,-1.29936809872872,-1.73183978123472,1
1,-99,-99,-99,-99,0.718336199108074,-1.39993220381239,1
0,0,0,0,0,0.0675084393344871,-3.40662592769,1
0,0,0,0,0,-0.475268332864074,-0.32056045001033,1
0,0,0,0,0,-0.667688405441064,-4.61228858718247,1
0,0,0,0,0,0.407059149641063,-3.5946675815914,1
0,0,0,0,0,1.59884191408086,-2.0501488685246,1
0,0,0,1,-99,-0.10027172349337,-1.16603795088108,1
0,0,0,1,-99,0.591203089911673,-3.7804456826151,1
0,0,1,-99,-99,0.267601280167137,-1.01991823606757,1
0,0,0,0,0,0.437447836357838,-1.88355029054424,1
0,0,0,0,0,0.189554715001899,-3.4744741126086,1
0,0,0,1,-99,1.36052771107429,-0.353138329551588,1
0,0,0,0,0,-0.708881346511241,-3.11635403622753,1
0,0,0,0,1,-1.04976341908962,0.00390518307111831,1
0,0,0,0,1,-0.37320418740811,-2.29581695612422,1
0,0,0,0,0,0.100788694366407,-2.38951257113157,1
1,-99,-99,-99,-99,1.61109969488316,-0.781897288273877,1
0,1,-99,-99,-99,1.05583209646632,-2.52500338694118,1
0,0,0,0,0,0.574562207498684,-3.20717526886234,1
0,0,0,0,0,0.0246432632154766,-4.29889605785508,1
0,0,0,1,-99,0.681134052742976,-2.1477609960018,1
0,0,0,0,0,-0.0716661666757356,-1.28805178852305,1
0,0,0,0,0,0.0445685507930409,-1.71111887299083,1
0,0,0,0,0,-0.12162089143152,-3.80782976804664,1
0,0,0,0,1,-0.696513200676122,-0.0189281996642978,1
0,0,0,0,1,0.387773229508759,-3.03342990211038,1
1,-99,-99,-99,-99,-0.00470327629546406,-0.480741701021157,1
1,-99,-99,-99,-99,-0.160257489587744,-1.46691241387497,1
1,-99,-99,-99,-99,-1.39644986171044,-1.31156804572845,1
0,0,0,0,0,0.285524085611356,-4.05356349024337,1
0,0,0,0,0,1.12569429709062,-2.91477813524572,1
0,0,0,0,0,0.461739698133034,-3.60402803324875,1
0,0,0,0,0,-0.381550047862028,-2.05343267013359,1
1,-99,-99,-99,-99,-0.380881480405027,-0.997967761248959,1
1,-99,-99,-99,-99,0.567106098533737,-2.7085938524634,1
0,0,0,0,0,0.287332897780366,-2.75907532010848,1
0,0,1,-99,-99,-0.357679859619106,-1.21297742024141,1
0,1,-99,-99,-99,1.26552336381537,-2.45341582673956,1
0,0,0,0,0,0.402976888266803,-3.9602929501593,1
0,0,0,0,0,-1.07007520730253,-5.22906171840339,1
0,0,0,1,-99,1.90476638804524,-1.42386323793699,1
0,0,0,0,0,-1.65058349311379,-1.60885911418316,1
0,0,1,-99,-99,1.70984228401595,-2.0702657286751,1
0,1,-99,-99,-99,1.23111197928601,-3.91374765288399,1
0,0,0,0,0,-0.510989191112157,-5.12905931116882,1
0,0,0,0,0,-0.589255036390495,-3.56818388427039,1
0,0,0,0,0,-0.140882173983465,-4.76887726583385,1
0,0,0,0,0,-0.79781118786809,-2.93524408527406,1
1,-99,-99,-99,-99,0.431586442284412,-2.09776128848227,1
1,-99,-99,-99,-99,0.88926509788805,0.0377419411408293,1
0,0,0,0,0,-0.981653290835677,-3.45146003030908,1
0,0,0,0,0,0.747523515422562,-2.91892939619747,1
0,0,0,1,-99,0.436944970426724,-4.14956726350635,1
0,0,0,0,0,0.692880757905986,-3.82078200144211,1
0,0,1,-99,-99,-0.0566869363784909,-4.22352875139512,1
0,0,0,0,0,-1.06415233517902,-4.22037836342204,1
1,-99,-99,-99,-99,2.82345014281667,2.05050153534272,1
0,1,-99,-99,-99,1.21000451128481,-2.36464766354686,1
0,0,0,0,1,0.318015498605681,-2.3227602292097,1
0,0,0,0,0,-1.10504857065101,-1.58948896180986,1
0,0,1,-99,-99,1.69851310322595,-3.66903626813526,1
0,0,1,-99,-99,-0.385033812160873,-3.21219796192462,1
0,0,0,1,-99,0.957468439110065,-4.14775708538185,1
0,1,-99,-99,-99,1.413641358565,-1.78266298408975,1
0,0,0,0,0,-1.95008035145044,-4.18874220641754,1
0,0,0,1,-99,0.74016158996017,-2.14353779103385,1
0,0,0,0,0,-0.554172648367017,-5.09466491514751,1
0,0,0,0,0,-1.95305806519759,-3.14207012700215,1
0,0,0,0,0,0.80819695152206,-3.32144575234625,1
0,0,0,0,0,-1.70721145073672,-3.68273223488187,1
0,0,0,0,0,-1.13797087220998,-3.24666497481478,1
0,0,0,1,-99,0.890959776514996,-1.30930707904603,1
0,0,0,1,-99,1.95474047251084,-1.23360755084445,1
0,0,0,0,0,0.0388588860153173,-2.45253713728708,1
0,0,0,0,0,0.229286012816502,-1.44151507577862,1
1,-99,-99,-99,-99,-0.310265841015171,-1.37625061018008,1
0,0,0,0,0,0.524966601145709,-3.90444616680095,1
0,0,0,0,0,0.0806778907753689,-3.47238872474575,1
0,0,0,0,0,-0.190814748643778,-2.20496970017679,1
0,0,1,-99,-99,0.713707952008429,-3.01397046487097,1
0,0,0,0,0,-0.0125575893427216,-2.96959418340094,1
0,0,0,0,0,-0.620839804875094,-2.83794550368867,1
0,0,0,0,0,-1.4083678840731,-2.29440462454584,1
1,-99,-99,-99,-99,-1.12737987364916,-3.75420575696663,1
0,0,1,-99,-99,0.621122916110753,-0.47897736996347,1
0,0,0,0,0,-0.610674861894464,-2.78577557360073,1
0,0,0,0,0,0.253743369586226,-1.26114126265128,1
0,0,0,0,1,-0.444461703513315,-4.11100473818424,1
0,0,0,0,0,-0.605410296112212,-3.62031406511168,1
0,0,0,0,0,-0.0570224370127925,-3.80281971114404,1
1,-99,-99,-99,-99,1.75936952346079,-0.659685526065849,1
0,0,0,1,-99,-0.811752608695081,-3.15675322966785,1
0,0,0,0,0,-0.834087337338279,-2.9949300056494,1
0,0,0,0,0,-1.34634681417779,-6.70332632624333,1
0,0,0,0,0,-0.508914875103729,-3.81222298334654,1
0,0,0,0,0,-0.580755256769962,-4.79703379781899,1
0,0,0,1,-99,0.250148886824319,-3.30485154657906,1
0,1,-99,-99,-99,1.38629963177424,-0.668170810022203,1
0,0,0,0,0,0.121059062692599,-4.43986232376746,1
0,0,0,0,0,-0.463989822211974,-3.82092808159246,1
0,1,-99,-99,-99,0.518020725264138,-0.724027574636917,1
0,0,0,0,0,0.163445114900594,-3.4763488561832,1
0,0,0,0,1,0.718648662014635,-1.86631163355524,1
0,0,0,1,-99,2.15545380171725,-5.06633615576054,1
1,-99,-99,-99,-99,0.545382182478769,-3.80662634776115,1
0,0,0,0,0,0.111849088438506,-4.47319497139296,1
0,0,0,0,0,0.220791555139929,-3.427750978668,1
0,0,0,0,0,-0.317451364950165,-3.63354453709124,1
0,0,0,0,1,0.663466365718106,-0.909102543990972,1
0,0,1,-99,-99,-0.729099578902822,-3.56298683237677,1
0,0,0,0,0,-1.66554920118132,-6.96875109153996,1
0,0,0,0,0,0.100374039749413,-2.26303155547489,1
0,0,0,0,0,-1.0410029558644,-4.35293463442371,1
1,-99,-99,-99,-99,-0.703276871435985,-0.57536648551603,1
0,0,0,0,0,0.727073332064715,-4.53605510481479,1
0,0,0,0,0,1.26977181785227,-1.72059629151368,1
0,0,0,0,0,0.868070643462784,-2.04184892552886,1
0,0,0,0,0,-1.63788083751748,-2.1344668944165,1
0,0,0,0,0,-0.0800987470404189,-4.68078086588132,1
0,0,0,0,0,0.608134633960228,-0.292723845479387,1
0,0,0,0,0,-0.859792247749719,-3.76824320714038,1
0,0,0,0,0,1.29830211873496,-1.78222281699975,1
0,1,-99,-99,-99,0.888337662551404,-2.59848995678769,1
0,0,0,0,0,-1.48676085627215,-4.48863828914533,1
0,0,0,0,0,-0.201806700887718,-4.13380365163819,1
1,-99,-99,-99,-99,0.907071624868077,0.0214443476336545,1
0,0,0,0,0,1.17745093794838,-3.8162749102729,1
0,0,0,0,0,0.312599000040375,-1.83054733856519,1
0,0,0,0,0,-0.574022570937071,-3.20331056081321,1
0,0,0,0,0,-1.56999363281501,-4.12518032762199,1
0,0,0,0,0,-1.30791317955048,-4.04308179349731,1
0,0,0,0,0,-0.978775932397764,-4.19152984797597,1
0,0,0,0,0,-0.987132175058814,-2.37065591548775,1
0,0,0,0,0,0.723749280350978,-3.98145549535507,1
0,0,0,1,-99,1.05715980191666,-3.59114290492807,1
0,0,0,0,0,-1.78900967767498,-4.05399479161437,1
0,0,0,0,0,0.323518833490546,-3.42806504937934,1
0,1,-99,-99,-99,0.951846849639054,-1.21673646202806,1
0,0,0,0,0,0.0454228269936687,-2.03157288146566,1
0,0,0,0,0,-1.02701646015907,-5.08992082749442,1
0,0,0,0,0,-1.34709302416659,-3.39243369834909,1
0,0,0,0,0,-1.23249494557115,-5.14735835179137,1
0,0,0,0,0,-0.0195631230364496,-5.06371676728363,1
0,0,0,0,0,-0.704604502367678,-2.74456417313287,1
0,0,0,0,0,-1.22182976046006,-4.45387214289686,1
0,1,-99,-99,-99,-0.0690969452419185,-3.08074948436136,1
0,0,0,1,-99,0.10509648118435,-2.63912776563154,1
0,0,0,0,0,0.644325724348441,-1.52905860687971,1
0,0,0,1,-99,1.57046256256276,-1.65090126927981,1
0,0,0,0,0,-0.742594062939484,-3.2771981257801,1
1,-99,-99,-99,-99,0.809909077227543,-2.99234701922127,1
0,0,0,0,0,-0.599996766664986,-3.91845396749511,1
0,0,0,1,-99,0.235139680276566,0.413456999750841,1
0,0,0,0,0,-0.53779849581359,-3.05749957363007,1
0,0,0,0,0,0.108231427601934,-4.93946901441527,1
0,0,0,0,0,0.725087803048627,-2.23311696884413,1
0,0,0,0,0,-0.439537756012314,-2.34613450070922,1
0,0,1,-99,-99,1.2025598747932,-2.35868061479487,1
0,0,0,0,0,-2.44261122703158,-3.39310469532697,1
0,0,0,0,0,-0.400204194483676,-6.24292291788778,1
0,0,0,0,0,0.186012165651927,-4.75925833889846,1
0,1,-99,-99,-99,0.702443557679688,-3.89230197082177,1
1,-99,-99,-99,-99,2.25958504621859,-1.80984037354931,1
0,0,0,0,0,-1.22622624128215,-5.79997846397387,1
0,0,0,0,0,-1.39237527582962,-2.9652103890927,1
0,0,0,0,0,-1.05065492913446,-3.16937429001582,1
0,0,0,0,0,0.552621477018327,-2.18543196720475,1
0,0,0,0,0,-0.945207144254682,-5.09697040205799,1
0,0,1,-99,-99,-0.444956861117087,-0.255453702693305,1
0,0,0,0,0,-0.466381571998125,-4.75913179872183,1
0,0,0,0,0,-0.895703979882406,-6.21984937459306,1
0,0,0,0,0,-0.0662401958318571,-3.70842103135358,1
0,0,0,0,0,1.83518230013937,-1.61582603536802,1
1,-99,-99,-99,-99,1.16371267201867,-5.90277076586968,1
0,0,1,-99,-99,0.168785272006709,-3.68778243312791,1
0,0,0,0,0,-1.62214614434433,-1.05909845310942,1
