0,0,0,0,0,-2.56404769957044,-5.68412721442364,1
0,0,0,0,0,-0.0648263387303942,-3.39163129966157,1
0,0,0,0,0,0.0193825323243869,-1.78695638320913,1
0,0,0,0,0,0.707538468199224,-1.21584887988209,1
0,1,-99,-99,-99,-0.216250768221222,-0.635700936837611,1
0,0,0,0,1,1.13914609268045,-0.743136169463079,1
0,0,0,0,0,0.235201210570009,-0.51468758689746,1
0,0,1,-99,-99,1.06288466467741,-1.87169761343322,1
0,1,-99,-99,-99,0.308742639561637,-0.644323203040717,1
0,0,0,0,0,-1.4025128089381,-1.70832890603941,1
0,0,0,0,0,0.0638699988475866,-3.52455002797083,1
0,0,0,0,0,-0.182099883153048,-1.48597169842162,1
0,1,-99,-99,-99,-0.504803474805779,-2.56206244783543,1
1,-99,-99,-99,-99,0.713459787593981,-1.15379179216389,1
0,1,-99,-99,-99,1.60366765854039,-0.966318820115447,1
0,0,0,0,0,-1.48092807124106,-4.8298793842684,1
0,0,0,0,0,-0.690260400477174,-1.56700656507266,1
0,0,0,0,0,-1.64318959335781,-3.36363846983741,1
0,0,0,0,0,-1.00745926432589,-3.36003652326491,1
0,1,-99,-99,-99,1.70504548792235,-1.41142208673856,1
0,0,0,0,0,0.375958927408752,-4.70420399518668,1
0,0,0,0,0,-0.844595688297372,-2.19573487899765,1
0,0,0,0,0,0.783241300223407,-1.61479079548121,1
0,1,-99,-99,-99,0.817093139628137,-5.18413473360291,1
0,0,0,0,0,-0.345846671796204,-3.02858872767138,1
1,-99,-99,-99,-99,0.562983777152561,-2.16863256002267,1
0,0,0,0,0,0.131834155132251,-4.5821560866781,1
0,0,0,1,-99,-0.123738461103511,-1.93676197889394,1
0,0,0,0,0,-0.241838525343992,-2.60771073742637,1
0,0,0,0,0,-1.31501228881021,-2.58055908920846,1
0,0,0,0,0,-1.05577613700994,-5.89344847177657,1
0,0,0,0,0,-1.26005196631032,-2.09562748811119,1
0,0,0,0,0,0.347072778553931,-1.46216881491378,1
0,1,-99,-99,-99,1.0968561582935,-2.8440799315776,1
1,-99,-99,-99,-99,2.90444275013794,-1.83476537928478,1
0,0,0,0,0,1.41505197702488,-1.90468875980582,1
1,-99,-99,-99,-99,1.36503721904814,-1.20647392691885,1
0,0,0,0,0,-0.774390288217027,-5.95644608407115,1
0,0,0,0,0,-2.39094235028855,-2.84025877661945,1
0,0,0,0,0,0.201423385056464,-1.99596778341071,1
0,0,1,-99,-99,0.337623637289998,-3.19889002111236,1
0,0,1,-99,-99,1.83685436567228,0.0266064936950139,1
0,0,0,0,0,-1.22050107970148,-1.92865263017698,1
0,0,0,0,0,-1.6135519516295,-4.04801008242556,1
1,-99,-99,-99,-99,1.15393883264174,-0.955249172411988,1
0,0,0,0,0,-0.316336222787698,-3.17246857513712,1
0,0,0,0,0,0.277177146732351,-1.82798709141978,1
0,0,0,0,0,0.0718586645529366,-3.2616881914309,1
0,0,0,0,0,-0.531658439005806,-2.304011984937,1
0,0,0,0,0,-2.25744013332965,-5.17643756516849,1
1,-99,-99,-99,-99,0.718824362399921,-2.40254123774582,1
0,0,0,0,0,-0.732560145440237,-3.18643361970455,1
0,0,0,0,0,0.922997665887954,-3.32614702170892,1
0,1,-99,-99,-99,0.736404341431367,-2.71534756928932,1
0,0,0,1,-99,0.454210045420203,-1.94616724453164,1
0,0,0,0,0,0.869173703410643,-0.341008483232799,1
0,0,1,-99,-99,0.8468843700953,0.274163816646507,1
0,0,0,0,0,0.38667124894745,-5.17893526592091,1
0,0,0,0,0,-0.807814886874115,-1.84223473948275,1
0,0,0,0,0,-0.371326471343352,-4.17601674989009,1
1,-99,-99,-99,-99,1.87354265196643,-3.26888577815115,1
0,0,0,0,0,-0.844738021348064,-2.19475191199311,1
0,0,0,0,0,-0.693787096743494,-3.2477151707645,1
0,0,0,0,0,-0.381476857581656,-3.48069300822044,1
0,0,0,0,0,-1.25488474849917,-3.35964232657341,1
0,0,0,0,0,-0.275846555223361,-0.0631836015319764,1
0,0,0,0,0,0.27331065986495,-2.8675471044263,1
0,0,0,0,0,0.857817858396495,-5.02026358754556,1
0,1,-99,-99,-99,1.25279786283326,-0.387973080970431,1
0,1,-99,-99,-99,-0.770567775680696,-2.39835513120978,1
0,0,0,0,0,-0.968200163616442,-2.38974023580581,1
0,0,0,1,-99,0.767131909331762,-0.496781553725995,1
0,0,0,1,-99,1.63047848695045,-1.70105427991158,1
0,0,0,0,0,-1.83295249491874,-1.50232442590703,1
0,0,0,0,0,-1.15128854652747,-4.26125846420787,1
0,0,0,0,0,-0.573603278049944,-4.22539837126798,1
0,0,0,0,0,0.27214831527247,-3.1340249097061,1
0,0,1,-99,-99,1.67576159666888,-1.81404782321442,1
0,0,0,1,-99,0.820805705571848,-4.01485732931229,1
0,0,0,0,0,-0.430794308844692,-2.42887762557402,1
0,0,0,0,0,0.139977764431513,-4.92579380659235,1
1,-99,-99,-99,-99,0.346324236651367,-0.717145896353775,1
0,0,0,0,0,-1.31838407724418,-3.11417432681434,1
0,0,0,1,-99,-0.352196490835735,-1.56319126372999,1
0,0,0,0,0,0.23283987954357,-2.50682253504771,1
0,0,0,0,0,0.150678464432726,-4.51989008077295,1
0,0,0,0,0,-0.377234522330646,-4.47355021038214,1
0,0,0,1,-99,0.798128778963584,-1.71773651349295,1
0,0,0,1,-99,0.905306561001886,-2.41242197778034,1
0,0,0,0,0,0.833496321540558,-2.86922233180415,1
0,0,0,0,0,-1.0571666533568,-4.43975510136497,1
0,0,0,0,0,-0.165900751685755,-4.24415690237957,1
0,0,0,0,0,-2.91608461617776,-4.9297496867897,1
0,0,0,0,0,-0.804862202342984,-3.14180940072311,1
0,0,0,0,0,0.20496842524061,-4.95845492244738,1
0,0,0,0,0,0.156437602878616,-5.26633333923598,1
0,0,0,0,0,-0.280240651587143,-2.48103703269242,1
0,0,0,0,0,-0.560374857151138,-4.24775060939219,1
0,0,1,-99,-99,0.907301625711708,-0.440475613463128,1
0,0,0,0,0,-0.384941289581968,-3.73789064116522,1
1,-99,-99,-99,-99,1.00493884228428,-0.396808950364459,1
0,0,0,1,-99,1.24808416983521,-0.280734952715573,1
0,0,0,0,0,-0.986611256819829,-5.17693094469317,1
1,-99,-99,-99,-99,1.57895069607595,0.00420401166159712,1
0,0,1,-99,-99,-0.291442130680647,0.128206994740497,1
0,0,0,0,0,-0.115454499122507,-3.23860750953028,1
0,0,0,0,0,-0.126652736544961,-4.06818195347086,1
0,0,0,0,0,-0.886436730995201,-2.95123252289774,1
0,0,0,0,0,-2.11407123495747,-2.56774444900969,1
0,0,0,0,0,0.843692442465368,-0.890745923933988,1
0,0,0,0,0,-0.0248058991448568,-1.63050660916345,1
0,0,0,0,0,-0.0288812580043438,-5.11346753341977,1
0,0,0,0,0,-1.34661800386115,-4.72893748420972,1
1,-99,-99,-99,-99,0.891953031056924,-2.21282452481819,1
0,0,0,0,0,-0.384656368922954,-2.49223690107352,1
1,-99,-99,-99,-99,1.43109663404387,-0.484202874146943,1
0,0,0,0,0,0.237390005665097,-2.66088687738355,1
0,0,0,0,0,0.711067806413468,-3.82167303868245,1
0,0,0,0,1,-0.527725046142743,-1.33290898348916,1
0,0,0,0,0,0.0632773325977828,-1.99153906560982,1
0,0,0,0,0,-1.22112249048409,-3.38468819166492,1
0,0,0,0,0,0.284553467657429,-2.47323892322543,1
0,0,0,0,0,0.813884309797242,-4.85896942465063,1
0,0,0,0,0,-2.72593916643446,-4.98527879131504,1
1,-99,-99,-99,-99,0.879354224832659,-1.72709097189773,1
0,1,-99,-99,-99,1.01577854973351,-1.24089615834111,1
0,0,0,0,0,-0.131940562252961,-0.665375618376437,1
0,0,0,0,0,-0.764535991188708,-1.35919183711904,1
0,0,0,1,-99,1.22906481938496,-0.915421078467929,1
0,1,-99,-99,-99,-0.0938333052581347,-1.61443583297368,1
0,0,1,-99,-99,-0.0358912998920052,-3.04067424949383,1
0,0,0,0,0,-0.0682868645349899,-2.07478645276337,1
1,-99,-99,-99,-99,-0.792567124940262,-2.87696274583608,1
0,0,0,0,0,0.12345286962452,-1.61654983832717,1
0,0,0,0,0,-1.07367523645292,-1.34994376044059,1
0,1,-99,-99,-99,0.98836148377066,-1.86456195128284,1
1,-99,-99,-99,-99,1.9221378359037,-4.03762423132786,1
0,0,0,0,0,-1.8772130230289,-5.61300905203074,1
0,0,0,0,0,-0.481013303063075,-3.27576339735432,1
0,0,0,0,0,-0.176905670017917,-2.69082501517955,1
0,0,0,0,0,-1.35130329227296,-5.97807429314459,1
0,0,0,0,0,0.922183789954348,-1.04141359060494,1
0,0,0,0,0,-0.687389082051932,-2.91861819308127,1
0,0,0,1,-99,2.21094636484822,-2.76787563902269,1
0,0,1,-99,-99,0.874450272092714,-1.51921608313431,1
0,0,0,0,0,1.47489525685631,-2.48546962970813,1
0,0,0,0,0,-0.884470789557382,-3.45966163743543,1
1,-99,-99,-99,-99,1.05060865570849,-2.47788053417755,1
0,0,1,-99,-99,0.667948741698576,-2.33746921339428,1
0,0,0,0,0,-0.810317842506021,-3.6494976807589,1
0,0,0,0,0,-1.8097468028135,-6.36491566725489,1
0,0,0,0,0,-1.12372927061245,-4.83713495448781,1
0,0,0,0,0,0.972499632133516,-3.36616070436584,1
0,0,0,0,1,0.20632358949885,-1.6712692198591,1
0,1,-99,-99,-99,1.12325862030785,-2.68407072645361,1
0,0,0,0,0,0.00664588268981966,-3.16467013137612,1
0,0,0,0,0,0.0736578004229326,-3.86364814093175,1
0,0,0,0,0,-0.624580103747158,-2.85393965377155,1
0,0,0,0,0,-2.13049646176532,-3.98840310762491,1
0,0,0,0,0,0.629033168990027,-0.920108641000603,1
0,0,0,0,0,-0.409931191671295,-3.14751882897717,1
0,0,0,0,0,-0.822916961465359,-2.63937831494683,1
0,1,-99,-99,-99,1.80520551943497,-2.78319521902818,1
0,1,-99,-99,-99,0.618875324213816,-2.29077615405465,1
0,0,0,0,0,-1.39692547489902,-3.91352996199262,1
0,0,0,0,0,-0.150063812986431,-1.69649688756753,1
0,0,0,0,0,-1.91791769906077,-1.45375794190748,1
0,0,0,0,0,0.362198608963042,-2.23450951730774,1
0,1,-99,-99,-99,-1.45020292873901,-3.39254394664008,1
0,1,-99,-99,-99,1.69058192742573,-1.23080121724151,1
0,0,0,0,0,-1.06692426604116,-2.7384352618849,1
0,0,0,0,1,1.082630255508,-2.18797579685343,1
0,0,0,0,0,0.196536008937949,-3.04740598328913,1
0,0,0,1,-99,0.751874867295409,-0.804365143573072,1
0,0,0,0,0,0.0315785558062681,-2.91443853009728,1
0,0,0,0,0,-0.38818498600487,-4.78230430239454,1
0,1,-99,-99,-99,1.47999076533086,-1.77307754068499,1
1,-99,-99,-99,-99,0.220038732514293,0.200936145585148,1
0,0,0,0,0,0.197988368418724,-2.21805464086965,1
0,0,0,1,-99,-0.878037693990351,-0.463823328319976,1
0,0,0,0,0,-0.0977160686507124,-1.72663167535806,1
0,0,0,0,0,-0.320358183176417,-2.42282132823642,1
0,0,0,0,0,-0.514634468878628,-4.28798689196412,1
0,0,0,1,-99,0.873423630479543,-3.12969326985064,1
0,0,0,0,0,0.390702984329847,-5.10742083065921,1
0,0,0,0,0,0.447924564622663,-3.64483048983109,1
0,0,0,1,-99,-0.953224177650443,-2.35698651644871,1
0,0,0,0,0,1.05667068183923,-1.20110177269438,1
0,0,0,0,0,-1.90315091671194,-3.75671597056737,1
0,0,0,0,0,0.0460191529627994,-2.23506096635562,1
0,0,1,-99,-99,1.93275720651721,-2.39604594020506,1
0,0,0,0,0,-1.2723823140546,-4.91095303096551,1
0,0,0,0,0,-0.805493312797355,-5.40587345141378,1
0,0,0,1,-99,0.32528106824215,-2.84368544333569,1
0,0,0,0,0,0.375447365411963,-2.92525314849471,1
0,0,0,0,0,-0.440245534800915,-4.02112303874228,1
0,0,0,0,1,1.04100687458425,-3.06590634816184,1
1,-99,-99,-99,-99,0.473066018332824,-1.75690700556999,1
1,-99,-99,-99,-99,0.118479199865705,-0.780096035217887,1
0,0,0,1,-99,1.46697721134317,-3.44497965487887,1
0,0,0,0,0,-1.02286028435765,-4.54936448309718,1
0,0,0,0,0,-0.293641219725289,-3.14972428765738,1
0,0,0,0,0,-0.460360004800653,-3.81285596286309,1
0,0,0,0,0,-2.20691717972653,-2.8992257118027,1
1,-99,-99,-99,-99,0.718712175446178,-0.0533152270356934,1
0,0,0,0,0,-0.750072700313788,-4.14514803689032,1
0,0,0,0,1,0.142032171201636,-2.80674364535036,1
0,0,0,0,0,-0.776537074657274,-2.88643864372991,1
0,0,0,0,0,-1.2406685783571,-6.29010481401829,1
0,0,0,0,0,-1.08791886399744,-3.95786800374004,1
0,1,-99,-99,-99,2.02839790689828,-2.19043557549196,1
0,0,0,0,0,0.658751688927701,-4.23198373614791,1
0,1,-99,-99,-99,-1.12117865800046,-3.4596190024257,1
0,0,0,0,0,-0.362569322830392,-2.07946963860204,1
0,0,0,0,0,0.470431401299387,-5.78221026335636,1
0,0,0,0,0,-1.17311090863954,-1.43434909980335,1
0,0,0,0,0,-0.0962973578473788,-3.66523451014593,1
0,0,0,1,-99,-0.719033773144295,-3.1158456356992,1
0,0,0,0,0,-1.64979632561728,-4.46270824950396,1
0,0,0,0,0,0.437375476671238,-3.5675537883135,1
0,0,1,-99,-99,0.0877658167453878,-3.69172268380498,1
0,0,0,0,0,-0.10256886213458,-2.04896060670362,1
0,0,0,0,0,0.967295044457156,-0.997226331866037,1
0,0,0,0,1,1.54751751087879,-5.82588483788253,1
0,0,0,0,0,-0.969103692319717,-5.39333082141821,1
0,0,0,0,0,-0.946041633559913,-2.33338374671218,1
1,-99,-99,-99,-99,0.178047754100612,-3.47178416353956,1
0,0,1,-99,-99,1.01800793842823,-1.19259155174938,1
0,0,0,0,0,-0.316544361633656,-2.05003487636621,1
0,1,-99,-99,-99,1.87949474024811,-2.08372627323907,1
0,0,0,0,0,-0.48406056650803,-4.34234648120862,1
0,0,0,1,-99,0.186817744381853,0.0638739117556879,1
0,0,0,0,0,0.224585986439811,-1.31688869798909,1
1,-99,-99,-99,-99,0.152728823837404,-3.1788827547609,1
0,0,0,0,0,-0.457465349613319,-2.06100489163641,1
0,0,0,0,0,0.192128641496041,-2.14368127604425,1
0,0,0,0,0,1.4275267423707,-3.9065803026228,1
0,0,0,1,-99,0.723410599701548,-1.95165667225788,1
0,0,0,0,0,-0.977027888242565,-2.84251284787835,1
1,-99,-99,-99,-99,2.42009966956168,-0.256731638067751,1
0,0,0,0,0,-1.40665605359179,-3.09476044498484,1
0,1,-99,-99,-99,0.224207420670795,-1.72588260949219,1
1,-99,-99,-99,-99,1.31786238294823,-3.29954361365233,1
0,1,-99,-99,-99,1.20566358416379,-3.42362740136116,1
0,0,0,0,0,-2.52793329541356,-5.17667537559023,1
0,1,-99,-99,-99,0.0556186720346469,-2.50391552911323,1
1,-99,-99,-99,-99,1.13517872593491,-2.08505314758013,1
0,0,0,1,-99,0.452026708565466,-3.44642592085212,1
0,0,1,-99,-99,0.330271916356618,-3.14943566148644,1
1,-99,-99,-99,-99,1.78622129605223,-3.44733435652013,1
0,0,0,0,0,-1.43444014589544,-4.91932264389391,1
0,0,0,0,0,0.282829903187807,-0.76258830467528,1
0,0,0,0,0,-0.489355512471459,-3.48958134628323,1
0,0,1,-99,-99,0.772686571860857,-2.80410981726302,1
0,0,0,0,0,-0.27939161172199,-2.51982232303598,1
0,0,0,0,0,1.25633956643934,-4.72424205132907,1
0,0,0,0,0,-0.78966837557095,-1.98663271377374,1
0,0,0,0,0,-0.672037515000145,-2.58970221737205,1
0,0,0,1,-99,0.252189614670157,-1.77784624933606,1
0,0,0,0,0,0.120408804896478,-3.2188561700917,1
0,0,1,-99,-99,0.0485059804017662,-3.76885924129824,1
0,0,0,0,1,1.41426507872143,-0.861595710522608,1
0,0,0,0,0,-0.839824189578097,-2.23075452697694,1
0,0,0,0,0,0.274922533103384,-2.33273989567181,1
1,-99,-99,-99,-99,0.170941837259115,-2.11120541754545,1
0,0,0,0,0,-1.05040925146187,-2.22753731201613,1
0,0,1,-99,-99,-0.0400722291877797,-3.22280797012986,1
0,0,0,0,0,0.985034484585623,-3.82758332593504,1
0,0,0,0,0,-0.568987509659383,-4.17067704964,1
0,0,0,0,0,0.299762901528515,-2.39208290201277,1
0,0,0,0,0,-1.39585247162667,-4.3203064677942,1
0,0,0,0,0,-0.297779563148685,-5.85573015648472,1
0,0,0,0,0,-0.101514533387984,-0.641048741186897,1
0,0,0,0,0,0.784189280003026,-4.32241702665657,1
0,1,-99,-99,-99,-0.175508034025986,-2.71111159423805,1
0,0,0,0,0,-1.7432674005886,-3.59564042265497,1
0,0,0,0,0,-0.943406697563044,-4.65351394983797,1
0,0,0,0,0,-0.437714817630012,-2.77905137046677,1
0,0,1,-99,-99,-0.889846049111641,-2.34469293441626,1
0,0,0,0,0,-1.49106857473211,-2.8962992632864,1
0,0,0,0,0,-0.24137489502534,-6.66805203206836,1
0,0,0,0,0,-0.327232145464904,-2.77358779499053,1
1,-99,-99,-99,-99,1.4633377156159,-0.953655298657184,1
0,0,0,0,0,-0.907132462424818,-2.76486797694749,1
1,-99,-99,-99,-99,1.06027462643377,-1.03434825297117,1
0,0,0,0,0,-1.13150506684431,-2.04200191738344,1
0,0,0,0,0,2.11466725255362,-4.70804915755941,1
0,0,0,0,0,1.25003217455075,-0.764741047300235,1
0,0,1,-99,-99,0.853282023250833,-2.35118199218977,1
0,0,0,0,0,-1.33877775617098,-2.15109742525103,1
1,-99,-99,-99,-99,-0.347634127410131,-1.10581246235702,1
0,0,0,0,0,-0.545973754438881,-2.57664294750316,1
0,0,1,-99,-99,0.313713917918175,-4.41126977894364,1
0,0,0,0,0,-0.354146700908608,-3.92059211667904,1
0,0,0,0,0,-0.769453189057648,-3.64274214327535,1
0,0,0,0,0,-1.06686197290174,-4.74481404726236,1
0,0,0,0,0,0.318717536731304,-3.05037176652448,1
0,0,0,0,0,-0.619953476907527,-2.81976461206925,1
0,0,0,0,0,-1.42119574088018,-3.0893704443434,1
0,1,-99,-99,-99,0.689593595357929,-1.58123493527711,1
1,-99,-99,-99,-99,0.9013377699528,-0.0818382195389835,1
0,0,0,1,-99,0.396047012878354,-0.0852525040616954,1
0,0,0,0,0,-2.21355827513371,-2.25002577476776,1
0,1,-99,-99,-99,1.71895215933592,-3.53942853042835,1
0,0,0,0,0,0.624426426580132,-6.67723276285744,1
0,0,1,-99,-99,0.200346082649303,-3.45065080573502,1
0,0,0,0,1,1.00055565360919,0.0920012986115482,1
0,0,0,0,0,-0.0925697165015319,-2.926004251535,1
0,0,1,-99,-99,0.536996931148243,-3.41064949782874,1
0,0,0,0,0,0.972558427166159,-2.25517120140353,1
0,0,0,0,0,-0.146982242128372,-1.80679597851469,1
0,0,0,0,1,-0.0641633995892748,-4.01301852210835,1
1,-99,-99,-99,-99,1.49529116047238,-2.4338465507688,1
0,0,0,0,1,0.569022797839089,-1.63202657166863,1
0,0,0,0,0,-0.269576621768618,-2.28730281705505,1
1,-99,-99,-99,-99,2.47591029344953,-2.80366615734387,1
0,0,0,1,-99,0.223456845298355,-1.54635842564562,1
0,0,0,0,0,-1.64596784187821,-3.2011818406767,1
1,-99,-99,-99,-99,0.252710774302968,-0.46555024818013,1
0,1,-99,-99,-99,1.28086879706371,-0.98089133694958,1
0,0,0,0,0,-1.662949238307,-3.32174384951218,1
0,0,0,0,0,-1.02999034263372,-3.32696519844499,1
0,0,0,0,0,-0.538419752845966,-3.23997390335073,1
0,0,0,0,0,0.669181691680179,-4.47539333417138,1
0,0,0,0,0,-1.35525489392309,-2.858178121188,1
0,0,0,0,0,-1.32418846753617,-4.18168505650025,1
0,0,0,0,0,-1.23560144078661,-2.00112145611692,1
0,0,0,0,0,-0.9888099592121,-3.33510213407261,1
0,0,0,0,1,-1.07242763145136,-1.79064843336715,1
1,-99,-99,-99,-99,-0.403120841161466,-3.33181404349635,1
0,0,0,0,0,1.7473461989489,-4.01423943400396,1
0,0,0,0,0,-0.381620329983594,-3.6724016080813,1
0,0,0,0,0,0.651445107205039,-1.97382426515235,1
1,-99,-99,-99,-99,0.697281150608929,-2.72035341795959,1
0,0,0,1,-99,1.31402775592851,-2.76849080861465,1
0,0,0,0,0,1.00015556019767,-5.82616412132735,1
0,0,0,0,0,-1.0969362741473,-4.00251433107914,1
0,0,1,-99,-99,-0.217328129130352,-1.39240852024275,1
0,0,0,0,0,-2.46425280265445,-6.27717902324619,1
0,0,0,0,1,0.292978485604891,-4.03180480158556,1
0,0,0,0,0,-0.819460415517559,-3.33378346573828,1
0,0,0,0,0,-1.56511742954389,-4.67123255388198,1
0,0,0,0,0,-2.13433865989516,-4.29010499088356,1
0,1,-99,-99,-99,0.943197046820897,-0.95206451858804,1
0,0,0,0,0,0.769715566382468,-4.39262215859272,1
0,0,0,0,0,0.390748047317697,-2.97087131308061,1
0,0,0,0,0,-0.312297118181983,-3.90267394470582,1
1,-99,-99,-99,-99,-0.318303074291552,-0.705164118776962,1
0,0,0,1,-99,0.406536757476048,-2.15650556085307,1
0,0,0,0,0,0.116706256014763,-3.28385726505221,1
1,-99,-99,-99,-99,-1.35941254886384,-0.674064152283188,1
0,0,1,-99,-99,-0.366534058843199,-2.5200127224088,1
0,0,0,0,0,-0.956679692765318,-3.46963419549039,1
0,1,-99,-99,-99,-0.39383737953624,0.129143396159871,1
0,1,-99,-99,-99,-0.63303841148337,-4.13869609344493,1
1,-99,-99,-99,-99,0.174205858358903,-3.13576232534733,1
1,-99,-99,-99,-99,0.257673177239192,-0.845706390063073,1
0,0,0,0,0,-0.345640257582974,-1.74793857958964,1
0,0,0,0,0,0.643514885799545,-2.9468208917503,1
0,0,0,0,1,-1.01124588061547,-1.63619324349773,1
0,0,0,1,-99,0.404424829836201,-2.84770471711948,1
0,0,0,0,0,0.588823246049544,-3.41339852643143,1
0,0,0,0,0,-1.11373829437165,-7.73158516793657,1
0,0,0,0,0,-0.880072155321965,-3.2607354358755,1
0,0,0,0,1,0.822226751912518,-1.8385064839201,1
0,0,0,0,0,1.67662611754945,-0.468010889034478,1
0,0,0,0,0,-1.18065168869174,-4.93472680041128,1
0,0,1,-99,-99,0.0795203890687918,-1.59764052571102,1
0,0,0,0,0,-1.15701154044609,-4.78390086233992,1
0,0,0,0,0,-1.79552558413527,-3.67589404160852,1
0,0,0,0,0,0.253764909889402,-3.40985708933408,1
0,0,0,0,0,-0.802268786952868,-5.87011890922118,1
0,0,0,0,0,0.747373622999429,-1.23873657650058,1
0,0,0,0,1,-0.68589994804286,-3.00069996048489,1
0,0,0,0,0,-0.866978845402144,-4.57353790972183,1
1,-99,-99,-99,-99,1.66768103358682,-1.60754383302859,1
0,0,0,0,0,-0.619421075430722,-3.13767948405243,1
0,0,0,0,0,0.170021796511263,-5.50364920685583,1
1,-99,-99,-99,-99,2.71978290878155,-0.446605024091734,1
1,-99,-99,-99,-99,1.23357022297515,-2.90919561202187,1
0,0,0,0,0,-0.28624726978303,-4.32957248473133,1
1,-99,-99,-99,-99,1.11669245415388,-1.74455229002847,1
0,1,-99,-99,-99,0.980874202934854,-4.05212586236128,1
0,0,0,0,0,-0.725253820975131,-4.71566394615096,1
0,0,0,0,0,-0.55201844028447,-3.68755521793048,1
0,0,0,0,0,-1.7723776862715,-3.18436381059884,1
0,0,0,0,0,-0.128840840674553,-2.47484081025129,1
0,1,-99,-99,-99,-0.097351956693075,-1.87711628331738,1
0,0,1,-99,-99,1.90780550461267,-1.94564142722605,1
0,0,0,1,-99,-0.181067616486763,-3.09931124580368,1
0,0,1,-99,-99,-0.283460250341847,-0.725094780119465,1
0,0,0,0,0,-0.761999780451027,-2.78318335252626,1
0,0,0,0,0,0.0655439474307321,-4.12993619330282,1
0,0,0,0,0,-1.0664720547255,-4.13519093051493,1
0,1,-99,-99,-99,2.37207972272662,-2.08729830160948,1
0,0,0,0,0,-1.03171954423412,-1.8209834569347,1
0,0,0,0,0,0.61176537367744,-3.13053700085837,1
0,0,0,0,0,-0.584291100898442,-3.14548440306913,1
0,1,-99,-99,-99,-0.20273434257685,-2.55434332357152,1
0,0,0,0,0,0.905568998975528,-3.08764983641274,1
0,1,-99,-99,-99,0.332020252259183,-3.61532140312904,1
0,0,0,0,0,0.330621078543068,-2.02989817875286,1
0,0,0,0,0,0.763158194797283,-6.01662641370504,1
0,0,0,0,0,0.658119258893143,-2.42340095316915,1
0,0,0,0,0,-1.26534744683286,-4.14064426224518,1
0,0,0,0,0,-0.589751288685948,-4.31915962093889,1
0,0,0,0,0,-0.765809872487556,-3.37646583756899,1
1,-99,-99,-99,-99,0.553890368203494,-0.976231125978823,1
0,0,0,1,-99,0.413474748956548,-2.24551598706298,1
0,0,0,0,0,-0.604072674375945,-4.06427871239012,1
0,0,0,0,0,-0.374125797613405,-2.80636682392863,1
0,0,0,0,0,-0.369335017125352,-1.72803513143428,1
0,0,0,0,0,0.685243587560616,-5.91966671530301,1
0,0,0,0,0,1.00113627018368,-3.2437789182455,1
0,0,0,0,0,-0.890990141132906,-3.59215022145068,1
0,0,1,-99,-99,-0.0259835737256087,-1.7796045702366,1
0,0,0,0,0,-0.664051518746643,-5.5067723478408,1
0,0,1,-99,-99,1.53622629413116,-1.49255769529332,1
0,1,-99,-99,-99,0.335820532117811,-4.2136354063175,1
0,0,1,-99,-99,1.71119528257208,-2.75021939844831,1
0,0,1,-99,-99,1.19058808354856,-1.80172515710156,1
0,1,-99,-99,-99,-1.24950473010024,-1.96160706327995,1
0,0,0,0,0,-2.13907038891845,-1.67426931535237,1
0,0,0,0,0,-2.37599358500662,-5.82938971833778,1
0,0,0,0,0,-0.212595933623342,-2.6405532410565,1
0,0,0,0,0,-0.093965924403586,-1.78252830886837,1
1,-99,-99,-99,-99,0.613881357145468,-1.57302929105132,1
0,0,0,0,1,0.635828730654859,-2.61561837899405,1
0,0,0,0,0,0.0476386959290191,-3.62561453630763,1
0,0,0,0,0,0.881667074848057,-3.76584608463893,1
0,0,0,0,0,-0.298690005641179,-4.81327834833401,1
1,-99,-99,-99,-99,1.04078208848642,-2.2351723666738,1
0,0,0,0,0,0.432886355684666,-3.93854039547693,1
0,0,0,0,0,0.299988506170847,-2.97585820187744,1
0,1,-99,-99,-99,3.3375283060704,-0.43853670556981,1
1,-99,-99,-99,-99,0.417064636549784,0.433176077189341,1
0,0,0,0,1,1.18876198751332,-0.917232443597744,1
1,-99,-99,-99,-99,0.676221191484204,-1.71189377887803,1
0,0,0,0,0,-0.951101815182654,-3.73402844914801,1
0,0,1,-99,-99,0.833311637101124,-2.73299814729217,1
0,0,1,-99,-99,0.509686082011992,-3.23145528033898,1
0,0,0,0,0,-0.607555842765638,-3.86420934173004,1
0,0,0,0,0,-1.10370658553593,-3.1179047397011,1
0,1,-99,-99,-99,0.171048570460288,-3.26626969977476,1
0,0,0,0,0,-1.52408054215474,-4.71492742227555,1
0,1,-99,-99,-99,-1.27795516261431,-2.74522611148168,1
0,0,0,0,0,-1.15304057043034,-3.14960150084248,1
0,0,0,0,0,0.134996026747792,-1.39949354907317,1
0,0,0,0,0,-1.99713813186012,-4.55305940230239,1
0,0,0,0,1,-0.165516692511914,-2.87125489044258,1
0,0,0,0,0,-2.53176441436379,-3.65344060459084,1
0,0,0,0,0,-0.36330785341861,-1.99520214276292,1
0,0,0,0,0,-1.70411169944717,-3.22236915285168,1
0,0,0,0,0,-2.12190237457052,-3.66278302335615,1
0,0,0,0,0,0.213538038803285,-5.05388867792536,1
0,0,0,0,0,0.23815049083322,-4.27307140440798,1
0,1,-99,-99,-99,0.238972782224671,0.525049868161023,1
0,0,0,0,0,-1.90335659987917,-5.55301077848328,1
0,1,-99,-99,-99,2.16691505728106,-1.66032221198471,1
0,0,0,0,0,-2.1980381733407,-3.73762141704001,1
0,0,0,1,-99,0.185841838099195,-1.89650189562489,1
1,-99,-99,-99,-99,1.4329130044176,-2.82182664326325,1
1,-99,-99,-99,-99,0.33155444214126,-3.74479241835963,1
0,0,0,0,0,-0.595607326375433,-4.82916412881841,1
0,0,0,0,0,-0.977000209894303,-3.4167450113213,1
1,-99,-99,-99,-99,-0.445353384134392,-3.25282511041423,1
0,0,0,0,1,-0.370258535629277,-1.29167179053705,1
0,0,0,0,0,-0.499524123967287,-2.14780498948307,1
0,0,0,0,0,-0.36094079636239,-3.1907900158621,1
0,0,0,0,0,-0.394944113676951,-4.41893350864143,1
0,0,0,0,0,-0.304516203732648,-3.08740644431416,1
0,0,1,-99,-99,-0.308727882261841,-1.92222196771899,1
0,0,0,0,0,1.39370186283968,-4.65462259563522,1
0,0,0,0,0,1.16700417346333,-3.88089044609681,1
0,0,0,0,0,-1.0785558369386,-3.01251900192531,1
0,0,0,0,0,0.796724412803107,-4.57210837144418,1
0,0,0,0,0,-3.26606404400879,-5.19190884967162,1
0,0,1,-99,-99,0.605823478821699,-0.52736987923053,1
0,0,0,0,0,-1.69338580979649,-4.09854577324417,1
1,-99,-99,-99,-99,-2.17775486844902,-2.44282519092331,1
0,0,0,0,0,-0.0585854554209606,-3.23370183902393,1
0,0,0,1,-99,-0.506661456030007,-0.811651021728015,1
1,-99,-99,-99,-99,-0.628876326107027,-2.68072210871757,1
0,0,0,1,-99,0.672272225704414,-2.0119172371292,1
0,0,0,1,-99,0.616872164716769,-0.688047574943538,1
0,0,0,0,0,-0.987278921182319,-2.52757688734169,1
0,0,0,0,0,-1.41561608460194,-2.62591030342754,1
0,0,0,0,0,-0.99839543312588,-2.30626130870558,1
0,1,-99,-99,-99,1.2398917237445,-1.44551484121054,1
0,0,0,0,0,-0.707922822695659,-2.61878347561841,1
0,1,-99,-99,-99,-1.17156409803054,-1.98172653807698,1
0,0,0,1,-99,-0.0527505158176413,-0.87089712155938,1
0,0,1,-99,-99,1.18923912639973,-2.03380514775718,1
1,-99,-99,-99,-99,0.906102445844772,-0.596973623177959,1
0,0,0,0,0,-0.945029072866313,-2.95802565444393,1
0,0,0,0,0,0.862800532042513,-4.07427746516159,1
1,-99,-99,-99,-99,-0.0608804325711005,-2.72249149568455,1
0,0,0,0,0,-0.625485751270068,-3.92003078872802,1
0,0,0,0,0,1.17512268020458,-1.58486400930351,1
0,0,0,0,0,-0.824056555970532,-1.66049928125205,1
